#     Radial coefficients Phi_{h} of D_{h} in the harmonic 
#     expansion of the Coulomb potential divided by r^{\ell}
#     Phi(1) is from \int_{0}^{r} {r\Pr^{\ell} \over r^{\ell+1}} ...
#     Phi(2) is from \int_{r}^{S} {r^{\ell} \over r\Pr^{\ell+1}} ...
#     Phi(out) is from V_{ext}(S)
# type = 0
# h = 0 (l = 0)
@ type xy
 0  248.958884198610  .000001539317349  246.852763093867  2.10611956542618
 1  248.958884159165  .000001617063129  246.852762976676  2.10611956542618
 2  248.958884117734  .000001698704352  246.852762853604  2.10611956542618
 3  248.958884074250  .000001784436952  246.852762724387  2.10611956542618
 4  248.958884028300  .000001874466698  246.852762588407  2.10611956542618
 5  248.958883980443  .000001969009689  246.852762446008  2.10611956542618
 6  248.958883929966  .000002068292872  246.852762296247  2.10611956542618
 7  248.958883876969  .000002172554590  246.852762138988  2.10611956542618
 8  248.958883821306  .000002282045149  246.852761973834  2.10611956542618
 9  248.958883762831  .000002397027422  246.852761800377  2.10611956542618
 10  248.958883701416  .000002517777482  246.852761618212  2.10611956542618
 11  248.958883636946  .000002644585261  246.852761426934  2.10611956542618
 12  248.958883568957  .000002777755251  246.852761225776  2.10611956542618
 13  248.958883497957  .000002917607230  246.852761014923  2.10611956542618
 14  248.958883423174  .000003064477033  246.852760793271  2.10611956542618
 15  248.958883344653  .000003218717359  246.852760560510  2.10611956542618
 16  248.958883262185  .000003380698616  246.852760316060  2.10611956542618
 17  248.958883175560  .000003550809811  246.852760059324  2.10611956542618
 18  248.958883084582  .000003729459485  246.852759789697  2.10611956542618
 19  248.958882989066  .000003917076692  246.852759506564  2.10611956542618
&
# h = 1 (l = 3)
@ type xy
 0  .043778182610971  .000000000000000  .000000000000000  .043778182610971
 1  .043778182610971  .000000000000000  .000000000000000  .043778182610971
 2  .043778182610971  .000000000000000  .000000000000000  .043778182610971
 3  .043778182610971  .000000000000000  .000000000000000  .043778182610971
 4  .043778182610971  .000000000000000  .000000000000000  .043778182610971
 5  .043778182610971  .000000000000000  .000000000000000  .043778182610971
 6  .043778182610971  .000000000000000  .000000000000000  .043778182610971
 7  .043778182610971  .000000000000000  .000000000000000  .043778182610971
 8  .043778182610971  .000000000000000  .000000000000000  .043778182610971
 9  .043778182610971  .000000000000000  .000000000000000  .043778182610971
 10  .043778182610971  .000000000000000  .000000000000000  .043778182610971
 11  .043778182610971  .000000000000000  .000000000000000  .043778182610971
 12  .043778182610971  .000000000000000  .000000000000000  .043778182610971
 13  .043778182610971  .000000000000000  .000000000000000  .043778182610971
 14  .043778182610971  .000000000000000  .000000000000000  .043778182610971
 15  .043778182610971  .000000000000000  .000000000000000  .043778182610971
 16  .043778182610971  .000000000000000  .000000000000000  .043778182610971
 17  .043778182610971  .000000000000000  .000000000000000  .043778182610971
 18  .043778182610971  .000000000000000  .000000000000000  .043778182610971
 19  .043778182610971  .000000000000000  .000000000000000  .043778182610971
&
# h = 2 (l = 4)
@ type xy
 0  .140347054099958  .000000000000000  .000000000000000  .140347054099958
 1  .140347054099958  .000000000000000  .000000000000000  .140347054099958
 2  .140347054099958  .000000000000000  .000000000000000  .140347054099958
 3  .140347054099958  .000000000000000  .000000000000000  .140347054099958
 4  .140347054099958  .000000000000000  .000000000000000  .140347054099958
 5  .140347054099958  .000000000000000  .000000000000000  .140347054099958
 6  .140347054099958  .000000000000000  .000000000000000  .140347054099958
 7  .140347054099958  .000000000000000  .000000000000000  .140347054099958
 8  .140347054099958  .000000000000000  .000000000000000  .140347054099958
 9  .140347054099958  .000000000000000  .000000000000000  .140347054099958
 10  .140347054099958  .000000000000000  .000000000000000  .140347054099958
 11  .140347054099958  .000000000000000  .000000000000000  .140347054099958
 12  .140347054099958  .000000000000000  .000000000000000  .140347054099958
 13  .140347054099958  .000000000000000  .000000000000000  .140347054099958
 14  .140347054099958  .000000000000000  .000000000000000  .140347054099958
 15  .140347054099958  .000000000000000  .000000000000000  .140347054099958
 16  .140347054099958  .000000000000000  .000000000000000  .140347054099958
 17  .140347054099958  .000000000000000  .000000000000000  .140347054099958
 18  .140347054099958  .000000000000000  .000000000000000  .140347054099958
 19  .140347054099958  .000000000000000  .000000000000000  .140347054099958
&
# h = 3 (l = 6)
@ type xy
 0 -.077322049459297  .000000000000000  .000000000000000 -.077322049459297
 1 -.077322049459297  .000000000000000  .000000000000000 -.077322049459297
 2 -.077322049459297  .000000000000000  .000000000000000 -.077322049459297
 3 -.077322049459297  .000000000000000  .000000000000000 -.077322049459297
 4 -.077322049459297  .000000000000000  .000000000000000 -.077322049459297
 5 -.077322049459297  .000000000000000  .000000000000000 -.077322049459297
 6 -.077322049459297  .000000000000000  .000000000000000 -.077322049459297
 7 -.077322049459297  .000000000000000  .000000000000000 -.077322049459297
 8 -.077322049459297  .000000000000000  .000000000000000 -.077322049459297
 9 -.077322049459297  .000000000000000  .000000000000000 -.077322049459297
 10 -.077322049459297  .000000000000000  .000000000000000 -.077322049459297
 11 -.077322049459297  .000000000000000  .000000000000000 -.077322049459297
 12 -.077322049459297  .000000000000000  .000000000000000 -.077322049459297
 13 -.077322049459297  .000000000000000  .000000000000000 -.077322049459297
 14 -.077322049459297  .000000000000000  .000000000000000 -.077322049459297
 15 -.077322049459297  .000000000000000  .000000000000000 -.077322049459297
 16 -.077322049459297  .000000000000000  .000000000000000 -.077322049459297
 17 -.077322049459297  .000000000000000  .000000000000000 -.077322049459297
 18 -.077322049459297  .000000000000000  .000000000000000 -.077322049459297
 19 -.077322049459297  .000000000000000  .000000000000000 -.077322049459297
&
# h = 4 (l = 7)
@ type xy
 0 -.001153280455581  .000000000000000  .000000000000000 -.001153280455581
 1 -.001153280455581  .000000000000000  .000000000000000 -.001153280455581
 2 -.001153280455581  .000000000000000  .000000000000000 -.001153280455581
 3 -.001153280455581  .000000000000000  .000000000000000 -.001153280455581
 4 -.001153280455581  .000000000000000  .000000000000000 -.001153280455581
 5 -.001153280455581  .000000000000000  .000000000000000 -.001153280455581
 6 -.001153280455581  .000000000000000  .000000000000000 -.001153280455581
 7 -.001153280455581  .000000000000000  .000000000000000 -.001153280455581
 8 -.001153280455581  .000000000000000  .000000000000000 -.001153280455581
 9 -.001153280455581  .000000000000000  .000000000000000 -.001153280455581
 10 -.001153280455581  .000000000000000  .000000000000000 -.001153280455581
 11 -.001153280455581  .000000000000000  .000000000000000 -.001153280455581
 12 -.001153280455581  .000000000000000  .000000000000000 -.001153280455581
 13 -.001153280455581  .000000000000000  .000000000000000 -.001153280455581
 14 -.001153280455581  .000000000000000  .000000000000000 -.001153280455581
 15 -.001153280455581  .000000000000000  .000000000000000 -.001153280455581
 16 -.001153280455581  .000000000000000  .000000000000000 -.001153280455581
 17 -.001153280455581  .000000000000000  .000000000000000 -.001153280455581
 18 -.001153280455581  .000000000000000  .000000000000000 -.001153280455581
 19 -.001153280455581  .000000000000000  .000000000000000 -.001153280455581
&
# h = 5 (l = 8)
@ type xy
 0 -.010190398789780  .000000000000000  .000000000000000 -.010190398789780
 1 -.010190398789780  .000000000000000  .000000000000000 -.010190398789780
 2 -.010190398789780  .000000000000000  .000000000000000 -.010190398789780
 3 -.010190398789780  .000000000000000  .000000000000000 -.010190398789780
 4 -.010190398789780  .000000000000000  .000000000000000 -.010190398789780
 5 -.010190398789780  .000000000000000  .000000000000000 -.010190398789780
 6 -.010190398789780  .000000000000000  .000000000000000 -.010190398789780
 7 -.010190398789780  .000000000000000  .000000000000000 -.010190398789780
 8 -.010190398789780  .000000000000000  .000000000000000 -.010190398789780
 9 -.010190398789780  .000000000000000  .000000000000000 -.010190398789780
 10 -.010190398789780  .000000000000000  .000000000000000 -.010190398789780
 11 -.010190398789780  .000000000000000  .000000000000000 -.010190398789780
 12 -.010190398789780  .000000000000000  .000000000000000 -.010190398789780
 13 -.010190398789780  .000000000000000  .000000000000000 -.010190398789780
 14 -.010190398789780  .000000000000000  .000000000000000 -.010190398789780
 15 -.010190398789780  .000000000000000  .000000000000000 -.010190398789780
 16 -.010190398789780  .000000000000000  .000000000000000 -.010190398789780
 17 -.010190398789780  .000000000000000  .000000000000000 -.010190398789780
 18 -.010190398789780  .000000000000000  .000000000000000 -.010190398789780
 19 -.010190398789780  .000000000000000  .000000000000000 -.010190398789780
&
# type = 1
# h = 0 (l = 0)
@ type xy
 0  235.714717510023  .000001459020330  233.362549801302  2.35216624970093
 1  235.714717472671  .000001532792901  233.362549690177  2.35216624970093
 2  235.714717433193  .000001610268106  233.362549573224  2.35216624970093
 3  235.714717392087  .000001691632441  233.362549450753  2.35216624970093
 4  235.714717348716  .000001777081781  233.362549321933  2.35216624970093
 5  235.714717303182  .000001866821849  233.362549186659  2.35216624970093
 6  235.714717255347  .000001961068709  233.362549044577  2.35216624970093
 7  235.714717205097  .000002060049292  233.362548895346  2.35216624970093
 8  235.714717152314  .000002164001938  233.362548738612  2.35216624970093
 9  235.714717096899  .000002273176971  233.362548574021  2.35216624970093
 10  235.714717038450  .000002387837303  233.362548400912  2.35216624970093
 11  235.714716977421  .000002508259067  233.362548219461  2.35216624970093
 12  235.714716913125  .000002634732281  233.362548028692  2.35216624970093
 13  235.714716845616  .000002767561547  233.362547828354  2.35216624970093
 14  235.714716774701  .000002907066784  233.362547617934  2.35216624970093
 15  235.714716700212  .000003053584002  233.362547396927  2.35216624970093
 16  235.714716621972  .000003207466106  233.362547164805  2.35216624970093
 17  235.714716539820  .000003369083749  233.362546921035  2.35216624970093
 18  235.714716453290  .000003538826223  233.362546664763  2.35216624970093
 19  235.714716362769  .000003717102400  233.362546395966  2.35216624970093
&
# h = 1 (l = 4)
@ type xy
 0  .063434087793813  .000000000000000  .000000000000000  .063434087793813
 1  .063434087793813  .000000000000000  .000000000000000  .063434087793813
 2  .063434087793813  .000000000000000  .000000000000000  .063434087793813
 3  .063434087793813  .000000000000000  .000000000000000  .063434087793813
 4  .063434087793813  .000000000000000  .000000000000000  .063434087793813
 5  .063434087793813  .000000000000000  .000000000000000  .063434087793813
 6  .063434087793813  .000000000000000  .000000000000000  .063434087793813
 7  .063434087793813  .000000000000000  .000000000000000  .063434087793813
 8  .063434087793813  .000000000000000  .000000000000000  .063434087793813
 9  .063434087793813  .000000000000000  .000000000000000  .063434087793813
 10  .063434087793813  .000000000000000  .000000000000000  .063434087793813
 11  .063434087793813  .000000000000000  .000000000000000  .063434087793813
 12  .063434087793813  .000000000000000  .000000000000000  .063434087793813
 13  .063434087793813  .000000000000000  .000000000000000  .063434087793813
 14  .063434087793813  .000000000000000  .000000000000000  .063434087793813
 15  .063434087793813  .000000000000000  .000000000000000  .063434087793813
 16  .063434087793813  .000000000000000  .000000000000000  .063434087793813
 17  .063434087793813  .000000000000000  .000000000000000  .063434087793813
 18  .063434087793813  .000000000000000  .000000000000000  .063434087793813
 19  .063434087793813  .000000000000000  .000000000000000  .063434087793813
&
# h = 2 (l = 6)
@ type xy
 0 -.068323529253895  .000000000000000  .000000000000000 -.068323529253895
 1 -.068323529253895  .000000000000000  .000000000000000 -.068323529253895
 2 -.068323529253895  .000000000000000  .000000000000000 -.068323529253895
 3 -.068323529253895  .000000000000000  .000000000000000 -.068323529253895
 4 -.068323529253895  .000000000000000  .000000000000000 -.068323529253895
 5 -.068323529253895  .000000000000000  .000000000000000 -.068323529253895
 6 -.068323529253895  .000000000000000  .000000000000000 -.068323529253895
 7 -.068323529253895  .000000000000000  .000000000000000 -.068323529253895
 8 -.068323529253895  .000000000000000  .000000000000000 -.068323529253895
 9 -.068323529253895  .000000000000000  .000000000000000 -.068323529253895
 10 -.068323529253895  .000000000000000  .000000000000000 -.068323529253895
 11 -.068323529253895  .000000000000000  .000000000000000 -.068323529253895
 12 -.068323529253895  .000000000000000  .000000000000000 -.068323529253895
 13 -.068323529253895  .000000000000000  .000000000000000 -.068323529253895
 14 -.068323529253895  .000000000000000  .000000000000000 -.068323529253895
 15 -.068323529253895  .000000000000000  .000000000000000 -.068323529253895
 16 -.068323529253895  .000000000000000  .000000000000000 -.068323529253895
 17 -.068323529253895  .000000000000000  .000000000000000 -.068323529253895
 18 -.068323529253895  .000000000000000  .000000000000000 -.068323529253895
 19 -.068323529253895  .000000000000000  .000000000000000 -.068323529253895
&
# h = 3 (l = 8)
@ type xy
 0 -.009714535097293  .000000000000000  .000000000000000 -.009714535097293
 1 -.009714535097293  .000000000000000  .000000000000000 -.009714535097293
 2 -.009714535097293  .000000000000000  .000000000000000 -.009714535097293
 3 -.009714535097293  .000000000000000  .000000000000000 -.009714535097293
 4 -.009714535097293  .000000000000000  .000000000000000 -.009714535097293
 5 -.009714535097293  .000000000000000  .000000000000000 -.009714535097293
 6 -.009714535097293  .000000000000000  .000000000000000 -.009714535097293
 7 -.009714535097293  .000000000000000  .000000000000000 -.009714535097293
 8 -.009714535097293  .000000000000000  .000000000000000 -.009714535097293
 9 -.009714535097293  .000000000000000  .000000000000000 -.009714535097293
 10 -.009714535097293  .000000000000000  .000000000000000 -.009714535097293
 11 -.009714535097293  .000000000000000  .000000000000000 -.009714535097293
 12 -.009714535097293  .000000000000000  .000000000000000 -.009714535097293
 13 -.009714535097293  .000000000000000  .000000000000000 -.009714535097293
 14 -.009714535097293  .000000000000000  .000000000000000 -.009714535097293
 15 -.009714535097293  .000000000000000  .000000000000000 -.009714535097293
 16 -.009714535097293  .000000000000000  .000000000000000 -.009714535097293
 17 -.009714535097293  .000000000000000  .000000000000000 -.009714535097293
 18 -.009714535097293  .000000000000000  .000000000000000 -.009714535097293
 19 -.009714535097293  .000000000000000  .000000000000000 -.009714535097293
&
# type = 2
# h = 0 (l = 0)
@ type xy
 0  90.7313033205364  .000000672166033  87.8530186289326  2.87828401943776
 1  90.7313033013431  .000000706509509  87.8530185753959  2.87828401943776
 2  90.7313032863318  .000000742604422  87.8530185242896  2.87828401943776
 3  90.7313032632281  .000000780540167  87.8530184632502  2.87828401943776
 4  90.7313032475173  .000000820410696  87.8530184076688  2.87828401943776
 5  90.7313032232980  .000000862314758  87.8530183415455  2.87828401943776
 6  90.7313032026291  .000000906356136  87.8530182768352  2.87828401943776
 7  90.7313031787009  .000000952643910  87.8530182066192  2.87828401943776
 8  90.7313031553677  .000001001292723  87.8530181346373  2.87828401943776
 9  90.7313031277383  .000001052423066  87.8530180558774  2.87828401943776
 10  90.7313031038603  .000001106161578  87.8530179782610  2.87828401943776
 11  90.7313030714379  .000001162641359  87.8530178893588  2.87828401943776
 12  90.7313030459329  .000001222002297  87.8530178044928  2.87828401943776
 13  90.7313030114198  .000001284391418  87.8530177075907  2.87828401943776
 14  90.7313029799321  .000001349963246  87.8530176105311  2.87828401943776
 15  90.7313029446332  .000001418880190  87.8530175063153  2.87828401943776
 16  90.7313029093494  .000001491312944  87.8530173985987  2.87828401943776
 17  90.7313028691595  .000001567440907  87.8530172822808  2.87828401943776
 18  90.7313028320804  .000001647452634  87.8530171651900  2.87828401943776
 19  90.7313027857834  .000001731546294  87.8530170347993  2.87828401943776
&
# h = 1 (l = 4)
@ type xy
 0  .050756874744038  .000000000000000  .000000000000000  .050756874744038
 1  .050756874744038  .000000000000000  .000000000000000  .050756874744038
 2  .050756874744038  .000000000000000  .000000000000000  .050756874744038
 3  .050756874744038  .000000000000000  .000000000000000  .050756874744038
 4  .050756874744038  .000000000000000  .000000000000000  .050756874744038
 5  .050756874744038  .000000000000000  .000000000000000  .050756874744038
 6  .050756874744038  .000000000000000  .000000000000000  .050756874744038
 7  .050756874744038  .000000000000000  .000000000000000  .050756874744038
 8  .050756874744038  .000000000000000  .000000000000000  .050756874744038
 9  .050756874744038  .000000000000000  .000000000000000  .050756874744038
 10  .050756874744038  .000000000000000  .000000000000000  .050756874744038
 11  .050756874744038  .000000000000000  .000000000000000  .050756874744038
 12  .050756874744038  .000000000000000  .000000000000000  .050756874744038
 13  .050756874744038  .000000000000000  .000000000000000  .050756874744038
 14  .050756874744038  .000000000000000  .000000000000000  .050756874744038
 15  .050756874744038  .000000000000000  .000000000000000  .050756874744038
 16  .050756874744038  .000000000000000  .000000000000000  .050756874744038
 17  .050756874744038  .000000000000000  .000000000000000  .050756874744038
 18  .050756874744038  .000000000000000  .000000000000000  .050756874744038
 19  .050756874744038  .000000000000000  .000000000000000  .050756874744038
&
# h = 2 (l = 6)
@ type xy
 0 -.034864292991120  .000000000000000  .000000000000000 -.034864292991120
 1 -.034864292991120  .000000000000000  .000000000000000 -.034864292991120
 2 -.034864292991120  .000000000000000  .000000000000000 -.034864292991120
 3 -.034864292991120  .000000000000000  .000000000000000 -.034864292991120
 4 -.034864292991120  .000000000000000  .000000000000000 -.034864292991120
 5 -.034864292991120  .000000000000000  .000000000000000 -.034864292991120
 6 -.034864292991120  .000000000000000  .000000000000000 -.034864292991120
 7 -.034864292991120  .000000000000000  .000000000000000 -.034864292991120
 8 -.034864292991120  .000000000000000  .000000000000000 -.034864292991120
 9 -.034864292991120  .000000000000000  .000000000000000 -.034864292991120
 10 -.034864292991120  .000000000000000  .000000000000000 -.034864292991120
 11 -.034864292991120  .000000000000000  .000000000000000 -.034864292991120
 12 -.034864292991120  .000000000000000  .000000000000000 -.034864292991120
 13 -.034864292991120  .000000000000000  .000000000000000 -.034864292991120
 14 -.034864292991120  .000000000000000  .000000000000000 -.034864292991120
 15 -.034864292991120  .000000000000000  .000000000000000 -.034864292991120
 16 -.034864292991120  .000000000000000  .000000000000000 -.034864292991120
 17 -.034864292991120  .000000000000000  .000000000000000 -.034864292991120
 18 -.034864292991120  .000000000000000  .000000000000000 -.034864292991120
 19 -.034864292991120  .000000000000000  .000000000000000 -.034864292991120
&
# h = 3 (l = 8)
@ type xy
 0 -.004225298047117  .000000000000000  .000000000000000 -.004225298047117
 1 -.004225298047117  .000000000000000  .000000000000000 -.004225298047117
 2 -.004225298047117  .000000000000000  .000000000000000 -.004225298047117
 3 -.004225298047117  .000000000000000  .000000000000000 -.004225298047117
 4 -.004225298047117  .000000000000000  .000000000000000 -.004225298047117
 5 -.004225298047117  .000000000000000  .000000000000000 -.004225298047117
 6 -.004225298047117  .000000000000000  .000000000000000 -.004225298047117
 7 -.004225298047117  .000000000000000  .000000000000000 -.004225298047117
 8 -.004225298047117  .000000000000000  .000000000000000 -.004225298047117
 9 -.004225298047117  .000000000000000  .000000000000000 -.004225298047117
 10 -.004225298047117  .000000000000000  .000000000000000 -.004225298047117
 11 -.004225298047117  .000000000000000  .000000000000000 -.004225298047117
 12 -.004225298047117  .000000000000000  .000000000000000 -.004225298047117
 13 -.004225298047117  .000000000000000  .000000000000000 -.004225298047117
 14 -.004225298047117  .000000000000000  .000000000000000 -.004225298047117
 15 -.004225298047117  .000000000000000  .000000000000000 -.004225298047117
 16 -.004225298047117  .000000000000000  .000000000000000 -.004225298047117
 17 -.004225298047117  .000000000000000  .000000000000000 -.004225298047117
 18 -.004225298047117  .000000000000000  .000000000000000 -.004225298047117
 19 -.004225298047117  .000000000000000  .000000000000000 -.004225298047117
&
