  Type    Harmonic   (l)             Total
     1
                 0     0  248.958884198610
                 1     3  .043778182610971
                 2     4  .140347054099958
                 3     6 -.077322049459297
                 4     7 -.001153280455581
                 5     8 -.010190398789780
     2
                 0     0  235.714717510023
                 1     4  .063434087793813
                 2     6 -.068323529253895
                 3     8 -.009714535097293
     3
                 0     0  90.7313033205364
                 1     4  .050756874744038
                 2     6 -.034864292991120
                 3     8 -.004225298047117
