 ( 4i3 )
  1  8  3  2 npan, lm, ntype, spins
 ( 2i3 )
  3  2    ntls, nsets
 ( 3e22.14 )
 -0.61831317349434E+01 -0.61831155481544E+01 -0.61830993613654E+01
 ( 3e22.14 )
  0.37982404731097E+00  0.55634493803035E+00  0.65145865952138E+00
  0.62076313666031E+00  0.65396461396934E+00  0.70454674944680E+00
  0.68041162384582E+00  0.68415462136747E+00  0.64144806124914E+00
  0.36789561814835E+00  0.51924553922654E+00  0.61819921189356E+00
  0.58257360176942E+00  0.59650135736471E+00  0.62766439325632E+00
  0.61135220553300E+00  0.61216427731413E+00  0.59340654553488E+00
 -0.58635499281771E+01 -0.33109004881793E+01  0.33532313399814E+00
  0.32114301976468E+00 -0.37424674636923E+00 -0.13962577651956E+01
 -0.20474865872241E+01 -0.21410374469537E+01 -0.20193925673439E+01
 -0.59702069335496E+01 -0.34184724839111E+01  0.25017164297590E+00
  0.25297590494622E+00 -0.39796511371880E+00 -0.13547384455282E+01
 -0.20502047402550E+01 -0.20580556605755E+01 -0.19116464400720E+01
  0.41403413811945E+00  0.57224334829401E+00  0.61976792444549E+00
  0.67072190961938E+00  0.68381485789784E+00  0.70008016228771E+00
  0.69047441961350E+00  0.71320869809398E+00  0.67428763505649E+00
  0.38799970552732E+00  0.53800620921943E+00  0.57271631963175E+00
  0.61651132356446E+00  0.64266605056585E+00  0.66719670363655E+00
  0.67378491547763E+00  0.65379311846309E+00  0.64078827617512E+00
 -0.52572000381179E+01 -0.29159799795820E+01  0.35666311786750E+00
  0.19768473567181E+00 -0.10044740883845E+01 -0.19298242586125E+01
 -0.23309439784439E+01 -0.23067934144677E+01 -0.19728620157580E+01
 -0.54821260202600E+01 -0.31376996987024E+01  0.22240174648545E+00
  0.12959335465022E+00 -0.87132004126561E+00 -0.18341227323850E+01
 -0.20996621436318E+01 -0.23661388802484E+01 -0.19034066824408E+01
  0.30000835807349E+00  0.53320863507409E+00  0.63181785665233E+00
  0.65684960539090E+00  0.67820733611645E+00  0.69928107382046E+00
  0.70251147908283E+00  0.69245204985483E+00  0.69012347668856E+00
  0.31328462862453E+00  0.51800445716043E+00  0.57826221215124E+00
  0.61221809353067E+00  0.63309539300891E+00  0.65079881751917E+00
  0.65831393790523E+00  0.65819718227037E+00  0.64494713589097E+00
  0.28265519065706E+00  0.50862236586049E+00  0.57425824457721E+00
  0.43089817569365E+00 -0.72474922023150E-01 -0.10553738891316E+01
 -0.19179184151613E+01 -0.22730584799763E+01 -0.23961237033529E+01
  0.28033204307426E+00  0.48589197775504E+00  0.51116402696498E+00
  0.37306156476527E+00 -0.11101423480932E+00 -0.10433581960914E+01
 -0.19445002171687E+01 -0.22774397499037E+01 -0.25254922705278E+01
