#-------------------------------------------------------------------------------
 start rspt
 Initialized constants. Machine eps = 2.2204460493e-16 
 fft column major dimensions:
       normal fft: 32 32 32, size = 32768
        super fft: 64 64 64, size = 262144
 mbases (matrix dimension mod spin) = 112
 mbasis set
 matrix dimension is 224
 initfft: start
 initfft: fft_ncmdim: 32 32 32 ... fft_scmdim: 64 64 64
 initfft: nrmdim: 32 32 32 ... srmdim: 64 64 64
 fftw_fft_init: wisdom read from rspt_fft_wisdom.0
 initfft: 
 (Tail,Energy) parameter set
     p     t     e
     1     1     1
     2     2     1
     3     3     1
     4     1     2
     5     2     2
 spin axis =  .000000000  .000000000  .000000000 absolute
 spin axis euler angles: alpha =  .000000000 beta =  .000000000 gamma =  .000000000
 eset 0
  L  T  S  n  f                 E
  0  1 -1  4 20  2.53829955037467
  1  1 -1  4 21  3.33204163291267
  2  1 -1  3  0  .651458659521380
  3  1 -1  4  0  .620763136660310
  4  1 -1  5  0  .653964613969340
  5  1 -1  6  0  .704546749446800
  6  1 -1  7  0  .680411623845820
  7  1 -1  8  0  .684154621367470
  8  1 -1  9  0  .641448061249140
  0  2 -1  4 20  2.70730665376495
  1  2 -1  4 21  3.46999002269732
  2  2 -1  3  0  .619767924445490
  3  2 -1  4  0  .670721909619380
  4  2 -1  5  0  .683814857897840
  5  2 -1  6  0  .700080162287710
  6  2 -1  7  0  .690474419613500
  7  2 -1  8  0  .713208698093980
  8  2 -1  9  0  .674287635056490
  0  3 -1  3  0  .300008358073490
  1  3 -1  3  0  .533208635074090
  2  3 -1  3  0  .631817856652330
  3  3 -1  4  0  .656849605390900
  4  3 -1  5  0  .678207336116450
  5  3 -1  6  0  .699281073820460
  6  3 -1  7  0  .702511479082830
  7  3 -1  8  0  .692452049854830
  8  3 -1  9  0  .690123476688560
  0  1  1  4 20  2.50198746798719
  1  1  1  4 21  3.30321052788037
  2  1  1  3  0  .618199211893560
  3  1  1  4  0  .582573601769420
  4  1  1  5  0  .596501357364710
  5  1  1  6  0  .627664393256320
  6  1  1  7  0  .611352205533000
  7  1  1  8  0  .612164277314130
  8  1  1  9  0  .593406545534880
  0  2  1  4 20  2.60486357391800
  1  2  1  4 21  3.38295037647676
  2  2  1  3  0  .572716319631750
  3  2  1  4  0  .616511323564460
  4  2  1  5  0  .642666050565850
  5  2  1  6  0  .667196703636550
  6  2  1  7  0  .673784915477630
  7  2  1  8  0  .653793118463090
  8  2  1  9  0  .640788276175120
  0  3  1  3  0  .313284628624530
  1  3  1  3  0  .518004457160430
  2  3  1  3  0  .578262212151240
  3  3  1  4  0  .612218093530670
  4  3  1  5  0  .633095393008910
  5  3  1  6  0  .650798817519170
  6  3  1  7  0  .658313937905230
  7  3  1  8  0  .658197182270370
  8  3  1  9  0  .644947135890970
 eset 1
  L  T  S  n  f                 E
  0  1 -1  3 -1 -6.08075464218964
  1  1 -1  3 -1 -3.41600993754008
  2  1 -1  3  0  .335323133998140
  3  1 -1  4  0  .321143019764680
  4  1 -1  5  0 -.374246746369230
  5  1 -1  6  0 -1.39625776519560
  6  1 -1  7  0 -2.04748658722410
  7  1 -1  8  0 -2.14103744695370
  8  1 -1  9  0 -2.01939256734390
  0  2 -1  3 -1 -5.47349347381561
  1  2 -1  3 -1 -3.01305292525702
  2  2 -1  3  0  .356663117867500
  3  2 -1  4  0  .197684735671810
  4  2 -1  5  0 -1.00447408838450
  5  2 -1  6  0 -1.92982425861250
  6  2 -1  7  0 -2.33094397844390
  7  2 -1  8  0 -2.30679341446770
  8  2 -1  9  0 -1.97286201575800
  0  3 -1  3  0  .282655190657060
  1  3 -1  3  0  .508622365860490
  2  3 -1  3  0  .574258244577210
  3  3 -1  4  0  .430898175693650
  4  3 -1  5  0 -.072474922023150
  5  3 -1  6  0 -1.05537388913160
  6  3 -1  7  0 -1.91791841516130
  7  3 -1  8  0 -2.27305847997630
  8  3 -1  9  0 -2.39612370335290
  0  1  1  3 -1 -6.18285213978523
  1  1  1  3 -1 -3.51469174309796
  2  1  1  3  0  .250171642975900
  3  1  1  4  0  .252975904946220
  4  1  1  5  0 -.397965113718800
  5  1  1  6  0 -1.35473844552820
  6  1  1  7  0 -2.05020474025500
  7  1  1  8  0 -2.05805566057550
  8  1  1  9  0 -1.91164644007200
  0  2  1  3 -1 -5.69876865560648
  1  2  1  3 -1 -3.23127696665723
  2  2  1  3  0  .222401746485450
  3  2  1  4  0  .129593354650220
  4  2  1  5  0 -.871320041265610
  5  2  1  6  0 -1.83412273238500
  6  2  1  7  0 -2.09966214363180
  7  2  1  8  0 -2.36613888024840
  8  2  1  9  0 -1.90340668244080
  0  3  1  3  0  .280332043074260
  1  3  1  3  0  .485891977755040
  2  3  1  3  0  .511164026964980
  3  3  1  4  0  .373061564765270
  4  3  1  5  0 -.111014234809320
  5  3  1  6  0 -1.04335819609140
  6  3  1  7  0 -1.94450021716870
  7  3  1  8  0 -2.27743974990370
  8  3  1  9  0 -2.52549227052780
basisFT:    M0    M1    M2     vectors (column major order)
basisFT:     8     8     8        4913
basisFT: radii           1
basisFT:     1  2.00000000
basisFT: L+N+1           6
basisFT:  maxL
basisFT:     2
initBasisFT: basis Fourier Transform parameters
      radii and powers:
        2.00000000     6
          Lm    M0    M1    M2
  