"Start runs mpirun -np 8 rspt 1.00e-12 99 on phys-dvarg,  Wed Sep 27 16:23:59 2023"
  1.80724300e-03 -8589.45262000245  8.58945262e+03
  1.16680560e-04 -8589.44121232346  1.14076790e-02
  1.93556200e-05 -8589.45498553193  1.37732085e-02
  7.30646340e-06 -8589.45593364857  9.48116642e-04
  2.96181310e-06 -8589.45629878495  3.65136379e-04
  1.42921190e-06 -8589.45647216067  1.73375720e-04
  6.56029800e-07 -8589.45663393114  1.61770471e-04
  5.96405650e-07 -8589.45663894234  5.01119939e-06
  6.49128270e-07 -8589.45666467086  2.57285210e-05
  5.19728430e-07 -8589.45669024508  2.55742198e-05
  8.95361960e-08 -8589.45680669611  1.16451029e-04
  5.97104600e-08 -8589.45681642241  9.72630005e-06
  1.25099030e-08 -8589.45683700958  2.05871711e-05
  1.12468960e-08 -8589.45683630849  7.01089448e-07
  9.21661310e-09 -8589.45683774156  1.43306897e-06
  2.63511930e-09 -8589.45684215988  4.41831980e-06
  9.73961140e-10 -8589.45684381719  1.65731035e-06
  9.92010780e-10 -8589.45684369052  1.26670784e-07
  9.62316970e-10 -8589.45684397239  2.81870598e-07
  7.46314740e-10 -8589.45684403346  6.10707502e-08
  1.75981000e-10 -8589.45684429996  2.66500138e-07
  1.28207030e-10 -8589.45684434238  4.24188329e-08
  2.23553830e-11 -8589.45684445000  1.07620508e-07
  1.52258510e-11 -8589.45684444444  5.56065061e-09
  1.70516080e-12 -8589.45684442090  2.35395419e-08
  1.41575410e-12 -8589.45684442230  1.40062184e-09
  4.30919370e-13 -8589.45684442609  3.78895493e-09
