#      order       spins
          48           2
#              Pi1               Pi2               Pi3                       p
# element 0
  1.00000000000000  .000000000000000  .000000000000000        .000000000000000
  .000000000000000  1.00000000000000  .000000000000000        .000000000000000
  .000000000000000  .000000000000000  1.00000000000000        .000000000000000
# element 1
 -1.00000000000000  .000000000000000  .000000000000000        .000000000000000
  .000000000000000  .000000000000000  1.00000000000000        .000000000000000
  .000000000000000  1.00000000000000  .000000000000000        .000000000000000
# element 2
  1.00000000000000  .000000000000000  .000000000000000        .000000000000000
  .000000000000000 -1.00000000000000  .000000000000000        .000000000000000
  .000000000000000  .000000000000000 -1.00000000000000        .000000000000000
# element 3
 -1.00000000000000  .000000000000000  .000000000000000        .000000000000000
  .000000000000000  .000000000000000 -1.00000000000000        .000000000000000
  .000000000000000 -1.00000000000000  .000000000000000        .000000000000000
# element 4
  .000000000000000  1.00000000000000  .000000000000000        .000000000000000
  .000000000000000  .000000000000000  1.00000000000000        .000000000000000
  1.00000000000000  .000000000000000  .000000000000000        .000000000000000
# element 5
  .000000000000000  .000000000000000  1.00000000000000        .000000000000000
  .000000000000000  1.00000000000000  .000000000000000        .000000000000000
 -1.00000000000000  .000000000000000  .000000000000000        .000000000000000
# element 6
  .000000000000000  .000000000000000  1.00000000000000        .000000000000000
 -1.00000000000000  .000000000000000  .000000000000000        .000000000000000
  .000000000000000 -1.00000000000000  .000000000000000        .000000000000000
# element 7
  .000000000000000  1.00000000000000  .000000000000000        .000000000000000
  1.00000000000000  .000000000000000  .000000000000000        .000000000000000
  .000000000000000  .000000000000000 -1.00000000000000        .000000000000000
# element 8
  .000000000000000  .000000000000000 -1.00000000000000        .000000000000000
  .000000000000000 -1.00000000000000  .000000000000000        .000000000000000
 -1.00000000000000  .000000000000000  .000000000000000        .000000000000000
# element 9
  .000000000000000 -1.00000000000000  .000000000000000        .000000000000000
  .000000000000000  .000000000000000 -1.00000000000000        .000000000000000
  1.00000000000000  .000000000000000  .000000000000000        .000000000000000
# element 10
  .000000000000000 -1.00000000000000  .000000000000000        .000000000000000
  1.00000000000000  .000000000000000  .000000000000000        .000000000000000
  .000000000000000  .000000000000000  1.00000000000000        .000000000000000
# element 11
  .000000000000000  .000000000000000 -1.00000000000000        .000000000000000
 -1.00000000000000  .000000000000000  .000000000000000        .000000000000000
  .000000000000000  1.00000000000000  .000000000000000        .000000000000000
# element 12
  .000000000000000  .000000000000000  1.00000000000000        .000000000000000
  1.00000000000000  .000000000000000  .000000000000000        .000000000000000
  .000000000000000  1.00000000000000  .000000000000000        .000000000000000
# element 13
  .000000000000000  1.00000000000000  .000000000000000        .000000000000000
 -1.00000000000000  .000000000000000  .000000000000000        .000000000000000
  .000000000000000  .000000000000000  1.00000000000000        .000000000000000
# element 14
  .000000000000000  .000000000000000  1.00000000000000        .000000000000000
  .000000000000000 -1.00000000000000  .000000000000000        .000000000000000
  1.00000000000000  .000000000000000  .000000000000000        .000000000000000
# element 15
  .000000000000000  1.00000000000000  .000000000000000        .000000000000000
  .000000000000000  .000000000000000 -1.00000000000000        .000000000000000
 -1.00000000000000  .000000000000000  .000000000000000        .000000000000000
# element 16
  1.00000000000000  .000000000000000  .000000000000000        .000000000000000
  .000000000000000  .000000000000000 -1.00000000000000        .000000000000000
  .000000000000000  1.00000000000000  .000000000000000        .000000000000000
# element 17
 -1.00000000000000  .000000000000000  .000000000000000        .000000000000000
  .000000000000000 -1.00000000000000  .000000000000000        .000000000000000
  .000000000000000  .000000000000000  1.00000000000000        .000000000000000
# element 18
  .000000000000000  .000000000000000 -1.00000000000000        .000000000000000
  1.00000000000000  .000000000000000  .000000000000000        .000000000000000
  .000000000000000 -1.00000000000000  .000000000000000        .000000000000000
# element 19
  .000000000000000 -1.00000000000000  .000000000000000        .000000000000000
 -1.00000000000000  .000000000000000  .000000000000000        .000000000000000
  .000000000000000  .000000000000000 -1.00000000000000        .000000000000000
# element 20
  .000000000000000 -1.00000000000000  .000000000000000        .000000000000000
  .000000000000000  .000000000000000  1.00000000000000        .000000000000000
 -1.00000000000000  .000000000000000  .000000000000000        .000000000000000
# element 21
  .000000000000000  .000000000000000 -1.00000000000000        .000000000000000
  .000000000000000  1.00000000000000  .000000000000000        .000000000000000
  1.00000000000000  .000000000000000  .000000000000000        .000000000000000
# element 22
 -1.00000000000000  .000000000000000  .000000000000000        .000000000000000
  .000000000000000  1.00000000000000  .000000000000000        .000000000000000
  .000000000000000  .000000000000000 -1.00000000000000        .000000000000000
# element 23
  1.00000000000000  .000000000000000  .000000000000000        .000000000000000
  .000000000000000  .000000000000000  1.00000000000000        .000000000000000
  .000000000000000 -1.00000000000000  .000000000000000        .000000000000000
# element 24
  .000000000000000  1.00000000000000  .000000000000000        .000000000000000
  1.00000000000000  .000000000000000  .000000000000000        .000000000000000
  .000000000000000  .000000000000000  1.00000000000000        .000000000000000
# element 25
  .000000000000000  .000000000000000  1.00000000000000        .000000000000000
 -1.00000000000000  .000000000000000  .000000000000000        .000000000000000
  .000000000000000  1.00000000000000  .000000000000000        .000000000000000
# element 26
  .000000000000000  1.00000000000000  .000000000000000        .000000000000000
 -1.00000000000000  .000000000000000  .000000000000000        .000000000000000
  .000000000000000  .000000000000000 -1.00000000000000        .000000000000000
# element 27
  1.00000000000000  .000000000000000  .000000000000000        .000000000000000
  .000000000000000  .000000000000000  1.00000000000000        .000000000000000
  .000000000000000  1.00000000000000  .000000000000000        .000000000000000
# element 28
  .000000000000000  .000000000000000  1.00000000000000        .000000000000000
  1.00000000000000  .000000000000000  .000000000000000        .000000000000000
  .000000000000000 -1.00000000000000  .000000000000000        .000000000000000
# element 29
 -1.00000000000000  .000000000000000  .000000000000000        .000000000000000
  .000000000000000  1.00000000000000  .000000000000000        .000000000000000
  .000000000000000  .000000000000000  1.00000000000000        .000000000000000
# element 30
  .000000000000000  .000000000000000  1.00000000000000        .000000000000000
  .000000000000000 -1.00000000000000  .000000000000000        .000000000000000
 -1.00000000000000  .000000000000000  .000000000000000        .000000000000000
# element 31
  .000000000000000  1.00000000000000  .000000000000000        .000000000000000
  .000000000000000  .000000000000000 -1.00000000000000        .000000000000000
  1.00000000000000  .000000000000000  .000000000000000        .000000000000000
# element 32
  1.00000000000000  .000000000000000  .000000000000000        .000000000000000
  .000000000000000 -1.00000000000000  .000000000000000        .000000000000000
  .000000000000000  .000000000000000  1.00000000000000        .000000000000000
# element 33
  .000000000000000  .000000000000000  1.00000000000000        .000000000000000
  .000000000000000  1.00000000000000  .000000000000000        .000000000000000
  1.00000000000000  .000000000000000  .000000000000000        .000000000000000
# element 34
 -1.00000000000000  .000000000000000  .000000000000000        .000000000000000
  .000000000000000  .000000000000000 -1.00000000000000        .000000000000000
  .000000000000000  1.00000000000000  .000000000000000        .000000000000000
# element 35
  .000000000000000 -1.00000000000000  .000000000000000        .000000000000000
  .000000000000000  .000000000000000 -1.00000000000000        .000000000000000
 -1.00000000000000  .000000000000000  .000000000000000        .000000000000000
# element 36
 -1.00000000000000  .000000000000000  .000000000000000        .000000000000000
  .000000000000000 -1.00000000000000  .000000000000000        .000000000000000
  .000000000000000  .000000000000000 -1.00000000000000        .000000000000000
# element 37
  .000000000000000  .000000000000000 -1.00000000000000        .000000000000000
  .000000000000000 -1.00000000000000  .000000000000000        .000000000000000
  1.00000000000000  .000000000000000  .000000000000000        .000000000000000
# element 38
  .000000000000000 -1.00000000000000  .000000000000000        .000000000000000
  1.00000000000000  .000000000000000  .000000000000000        .000000000000000
  .000000000000000  .000000000000000 -1.00000000000000        .000000000000000
# element 39
  .000000000000000  .000000000000000 -1.00000000000000        .000000000000000
 -1.00000000000000  .000000000000000  .000000000000000        .000000000000000
  .000000000000000 -1.00000000000000  .000000000000000        .000000000000000
# element 40
  .000000000000000  .000000000000000 -1.00000000000000        .000000000000000
  .000000000000000  1.00000000000000  .000000000000000        .000000000000000
 -1.00000000000000  .000000000000000  .000000000000000        .000000000000000
# element 41
  .000000000000000 -1.00000000000000  .000000000000000        .000000000000000
  .000000000000000  .000000000000000  1.00000000000000        .000000000000000
  1.00000000000000  .000000000000000  .000000000000000        .000000000000000
# element 42
  .000000000000000  1.00000000000000  .000000000000000        .000000000000000
  .000000000000000  .000000000000000  1.00000000000000        .000000000000000
 -1.00000000000000  .000000000000000  .000000000000000        .000000000000000
# element 43
  .000000000000000  .000000000000000 -1.00000000000000        .000000000000000
  1.00000000000000  .000000000000000  .000000000000000        .000000000000000
  .000000000000000  1.00000000000000  .000000000000000        .000000000000000
# element 44
  1.00000000000000  .000000000000000  .000000000000000        .000000000000000
  .000000000000000  .000000000000000 -1.00000000000000        .000000000000000
  .000000000000000 -1.00000000000000  .000000000000000        .000000000000000
# element 45
 -1.00000000000000  .000000000000000  .000000000000000        .000000000000000
  .000000000000000  .000000000000000  1.00000000000000        .000000000000000
  .000000000000000 -1.00000000000000  .000000000000000        .000000000000000
# element 46
  .000000000000000 -1.00000000000000  .000000000000000        .000000000000000
 -1.00000000000000  .000000000000000  .000000000000000        .000000000000000
  .000000000000000  .000000000000000  1.00000000000000        .000000000000000
# element 47
  1.00000000000000  .000000000000000  .000000000000000        .000000000000000
  .000000000000000  1.00000000000000  .000000000000000        .000000000000000
  .000000000000000  .000000000000000 -1.00000000000000        .000000000000000
#      types
           3
# type 0
           2 # site(s)
  .250000000000000  .250000000000000  .250000000000000       #     tau 0
  .000000000000000  .000000000000000  