# ACE/gr parameter file
#
@    version 50122
@    world xmin 0.25
@    world xmax 0.75
@    title font 5
@    xaxis  tick major 0.1
@    xaxis  tick minor 0.02
@    xaxis  label "(r-r\s1\N)/d"
@    xaxis  label font 5
@    xaxis  label char size 1.2
@    xaxis  ticklabel font 4
@    xaxis  ticklabel char size 1
@    yaxis  tick major .1
@    yaxis  tick minor .02
@    yaxis  label font 4
@    yaxis  label char size 1.2
@    yaxis  ticklabel font 5
@    yaxis  ticklabel char size 1
@    title "potential between neighbors"
@    yaxis  label "V(r) (Ry)"
@    world ymin -10.
@    world ymax   .0
@    yaxis  tick major 2
@    yaxis  tick minor 1
@ s0 color  1
@ s0 linestyle  1
@ legend string 0 "(1)-(2)"
@target s0
@type xy
  .1000000000 -34.78560873
  .1050000000 -31.59449856
  .1100000000 -28.76291779
  .1150000000 -26.23732615
  .1200000000 -23.97789137
  .1250000000 -21.95690635
  .1300000000 -20.13140051
  .1350000000 -18.49158945
  .1400000000 -17.00365766
  .1450000000 -15.66387762
  .1500000000 -14.44319639
  .1550000000 -13.33672971
  .1600000000 -12.33258488
  .1650000000 -11.41544946
  .1700000000 -10.57728354
  .1750000000 -9.811012424
  .1800000000 -9.113549775
  .1850000000 -8.473673150
  .1900000000 -7.886000125
  .1950000000 -7.345637347
  .2000000000 -6.848141569
  .2050000000 -6.389483913
  .2100000000 -5.966016725
  .2150000000 -5.574442577
  .2200000000 -5.211785102
  .2250000000 -4.875361466
  .2300000000 -4.563999129
  .2350000000 -4.275693230
  .2400000000 -4.007142171
  .2450000000 -3.756547140
  .2500000000 -3.522296690
  .2550000000 -3.302947190
  .2600000000 -3.099674500
  .2650000000 -2.909817621
  .2700000000 -2.731217698
  .2750000000 -2.562932400
  .2800000000 -2.406716271
  .2850000000 -2.260237902
  .2900000000 -2.121581562
  .2950000000 -1.991420814
  .3000000000 -1.870401372
  .3050000000 -1.755317648
  .3100000000 -1.647078626
  .3150000000 -1.546361940
  .3200000000 -1.450148714
  .3250000000 -1.360477695
  .3300000000 -1.276053183
  .3350000000 -1.195220093
  .3400000000 -1.121201297
  .3450000000 -1.049926692
  .3500000000 -.9836236233
  .3550000000 -.9209794871
  .3600000000 -.8615869586
  .3650000000 -.8066017662
  .3700000000 -.7535652091
  .3750000000 -.7053894161
  .3800000000 -.6584022440
  .3850000000 -.6161066506
  .3900000000 -.5748478706
  .3950000000 -.5376680875
  .4000000000 -.5015339192
  .4050000000 -.4691235157
  .4100000000 -.4375848284
  .4150000000 -.4096446080
  .4200000000 -.3822364063
  .4250000000 -.3585129067
  .4300000000 -.3350668813
  .4350000000 -.3151084871
  .4400000000 -.2956185496
  .4450000000 -.2788987709
  .4500000000 -.2632055118
  .4550000000 -.2494270073
  .4600000000 -.2374157381
  .4650000000 -.2262999565
  .4700000000 -.2179019772
  .4750000000 -.2095928671
  .4800000000 -.2088259383
  .4850000000 -.2049761525
  .4900000000 -.2026204347
  .4950000000 -.2017503470
  .5000000000 -.2023615360
  .5050000000 -.2044537418
  .5100000000 -.2080308157
  .5150000000 -.2131007479
  .5200000000 -.2196757043
  .5250000000 -.2277720719
  .5300000000 -.2341712175
  .5350000000 -.2459141897
  .5400000000 -.2589891764
  .5450000000 -.2743860315
  .5500000000 -.2902133386
  .5550000000 -.3093534184
  .5600000000 -.3287097749
  .5650000000 -.3512254076
  .5700000000 -.3745104633
  .5750000000 -.4004805104
  .5800000000 -.4278794692
  .5850000000 -.4576785797
  .5900000000 -.4894218510
  .5950000000 -.5234716992
  .6000000000 -.5598347542
  .6050000000 -.5986144633
  .6100000000 -.6399182826
  .6150000000 -.6839741105
  .6200000000 -.7305863366
  .6250000000 -.7805411035
  .6300000000 -.8328780488
  .6350000000 -.8894408903
  .6400000000 -.9479705789
  .6450000000 -1.011947717
  .6500000000 -1.077996478
  .6550000000 -1.149501459
  .6600000000 -1.224415129
  .6650000000 -1.303728440
  .6700000000 -1.388632983
  .6750000000 -1.476999012
  .6800000000 -1.572646362
  .6850000000 -1.673068336
  .6900000000 -1.778720705
  .6950000000 -1.892795874
  .7000000000 -2.012430056
  .7050000000 -2.138995861
  .7100000000 -2.275282370
  .7150000000 -2.418847982
  .7200000000 -2.570305550
  .7250000000 -2.734161966
  .7300000000 -2.907729842
  .7350000000 -3.091683432
  .7400000000 -3.287331297
  .7450000000 -3.498736986
  .7500000000 -3.723815040
  .7550000000 -3.963853949
  .7600000000 -4.220289652
  .7650000000 -4.494722765
  .7700000000 -4.791368911
  .7750000000 -5.110064559
  .7800000000 -5.452548823
  .7850000000 -5.821196466
  .7900000000 -6.218637225
  .7950000000 -6.647778754
  .8000000000 -7.111830703
  .8050000000 -7.614330087
  .8100000000 -8.159168233
  .8150000000 -8.750619689
  .8200000000 -9.393373673
  .8250000000 -10.09256885
  .8300000000 -10.85383246
  .8350000000 -11.68909648
  .8400000000 -12.60199387
  .8450000000 -13.59917212
  .8500000000 -14.68895131
  .8550000000 -15.89380676
  .8600000000 -17.21398824
  .8650000000 -18.66842178
  .8700000000 -20.27592379
  .8750000000 -22.05286210
  .8800000000 -24.02118843
  .8850000000 -26.21757591
  .8900000000 -28.66542659
  .8950000000 -31.40823110
&
@ s1 color  1
@ s1 linestyle  1
@target s1
@type xy
  .4756097464 -10.000
  .4756097464  10.000
  .5265230327  10.000
  .5265230327 -10.000
&
@ s2 color  2
@ s2 linestyle  1
@ legend string 2 "(2)-(1)"
@target s2
@type xy
  .1000000000 -34.49908309
  .1050000000 -31.40823110
  .1100000000 -28.66542659
  .1150000000 -26.21757591
  .1200000000 -24.02118843
  .1250000000 -22.05286210
  .1300000000 -20.27592379
  .1350000000 -18.66842178
  .1400000000 -17.21398824
  .1450000000 -15.89380676
  .1500000000 -14.68895131
  .1550000000 -13.59917212
  .1600000000 -12.60199387
  .1650000000 -11.68909648
  .1700000000 -10.85383246
  .1750000000 -10.09256885
  .1800000000 -9.393373673
  .1850000000 -8.750619689
  .1900000000 -8.159168233
  .1950000000 -7.614330087
  .2000000000 -7.111830703
  .2050000000 -6.647778754
  .2100000000 -6.218637225
  .2150000000 -5.821196466
  .2200000000 -5.452548823
  .2250000000 -5.110064559
  .2300000000 -4.791368911
  .2350000000 -4.494722765
  .2400000000 -4.220289652
  .2450000000 -3.963853949
  .2500000000 -3.723815040
  .2550000000 -3.498736986
  .2600000000 -3.287331297
  .2650000000 -3.091683432
  .2700000000 -2.907729842
  .2750000000 -2.734161966
  .2800000000 -2.570305550
  .2850000000 -2.418847982
  .2900000000 -2.275282370
  .2950000000 -2.138995861
  .3000000000 -2.012430056
  .3050000000 -1.892795874
  .3100000000 -1.778720705
  .3150000000 -1.673068336
  .3200000000 -1.572646362
  .3250000000 -1.476999012
  .3300000000 -1.388632983
  .3350000000 -1.303728440
  .3400000000 -1.224415129
  .3450000000 -1.149501459
  .3500000000 -1.077996478
  .3550000000 -1.011947717
  .3600000000 -.9479705789
  .3650000000 -.8894408903
  .3700000000 -.8328780488
  .3750000000 -.7805411035
  .3800000000 -.7305863366
  .3850000000 -.6839741105
  .3900000000 -.6399182826
  .3950000000 -.5986144633
  .4000000000 -.5598347542
  .4050000000 -.5234716992
  .4100000000 -.4894218510
  .4150000000 -.4576785797
  .4200000000 -.4278794692
  .4250000000 -.4004805104
  .4300000000 -.3745104633
  .4350000000 -.3512254076
  .4400000000 -.3287097749
  .4450000000 -.3093534184
  .4500000000 -.2902133386
  .4550000000 -.2743860315
  .4600000000 -.2589891764
  .4650000000 -.2459141897
  .4700000000 -.2341712175
  .4750000000 -.2277720719
  .4800000000 -.2196757043
  .4850000000 -.2131007479
  .4900000000 -.2080308157
  .4950000000 -.2044537418
  .5000000000 -.2023615360
  .5050000000 -.2017503470
  .5100000000 -.2026204347
  .5150000000 -.2049761525
  .5200000000 -.2088259383
  .5250000000 -.2095928671
  .5300000000 -.2179019772
  .5350000000 -.2262999565
  .5400000000 -.2374157381
  .5450000000 -.2494270073
  .5500000000 -.2632055118
  .5550000000 -.2788987709
  .5600000000 -.2956185496
  .5650000000 -.3151084871
  .5700000000 -.3350668813
  .5750000000 -.3585129067
  .5800000000 -.3822364063
  .5850000000 -.4096446080
  .5900000000 -.4375848284
  .5950000000 -.4691235157
  .6000000000 -.5015339192
  .6050000000 -.5376680875
  .6100000000 -.5748478706
  .6150000000 -.6161066506
  .6200000000 -.6584022440
  .6250000000 -.7053894161
  .6300000000 -.7535652091
  .6350000000 -.8066017662
  .6400000000 -.8615869586
  .6450000000 -.9209794871
  .6500000000 -.9836236233
  .6550000000 -1.049926692
  .6600000000 -1.121201297
  .6650000000 -1.195220093
  .6700000000 -1.276053183
  .6750000000 -1.360477695
  .6800000000 -1.450148714
  .6850000000 -1.546361940
  .6900000000 -1.647078626
  .6950000000 -1.755317648
  .7000000000 -1.870401372
  .7050000000 -1.991420814
  .7100000000 -2.121581562
  .7150000000 -2.260237902
  .7200000000 -2.406716271
  .7250000000 -2.562932400
  .7300000000 -2.731217698
  .7350000000 -2.909817621
  .7400000000 -3.099674500
  .7450000000 -3.302947190
  .7500000000 -3.522296690
  .7550000000 -3.756547140
  .7600000000 -4.007142171
  .7650000000 -4.275693230
  .7700000000 -4.563999129
  .7750000000 -4.875361466
  .7800000000 -5.211785102
  .7850000000 -5.574442577
  .7900000000 -5.966016725
  .7950000000 -6.389483913
  .8000000000 -6.848141569
  .8050000000 -7.345637347
  .8100000000 -7.886000125
  .8150000000 -8.473673150
  .8200000000 -9.113549775
  .8250000000 -9.811012424
  .8300000000 -10.57728354
  .8350000000 -11.41544946
  .8400000000 -12.33258488
  .8450000000 -13.33672971
  .8500000000 -14.44319639
  .8550000000 -15.66387762
  .8600000000 -17.00365766
  .8650000000 -18.49158945
  .8700000000 -20.13140051
  .8750000000 -21.95690635
  .8800000000 -23.97789137
  .8850000000 -26.23732615
  .8900000000 -28.76291779
  .8950000000 -31.59449856
&
@ s3 color  2
@ s3 linestyle  1
@target s3
@type xy
  .4734769672 -10.000
  .4734769672  10.000
  .5243902535  10.000
  .5243902535 -10.000
&
@ s4 color  3
@ s4 linestyle  1
@ legend string 4 "(3)-(1)"
@target s4
@type xy
  .1000000000 -19.54837338
  .1050000000 -17.83478535
  .1100000000 -16.32188957
  .1150000000 -14.97968210
  .1200000000 -13.78279095
  .1250000000 -12.71243779
  .1300000000 -11.75603491
  .1350000000 -10.89066976
  .1400000000 -10.11470438
  .1450000000 -9.408227403
  .1500000000 -8.767731166
  .1550000000 -8.184785414
  .1600000000 -7.650453877
  .1650000000 -7.159975630
  .1700000000 -6.711886769
  .1750000000 -6.298378266
  .1800000000 -5.916075017
  .1850000000 -5.561964630
  .1900000000 -5.233360175
  .1950000000 -4.927866603
  .2000000000 -4.643350317
  .2050000000 -4.377911454
  .2100000000 -4.129858523
  .2150000000 -3.897685103
  .2200000000 -3.680048406
  .2250000000 -3.475749517
  .2300000000 -3.283715270
  .2350000000 -3.102981792
  .2400000000 -2.932718924
  .2450000000 -2.773663458
  .2500000000 -2.623612746
  .2550000000 -2.481906136
  .2600000000 -2.347935890
  .2650000000 -2.221488996
  .2700000000 -2.103459513
  .2750000000 -1.991626830
  .2800000000 -1.885535200
  .2850000000 -1.785799067
  .2900000000 -1.692278567
  .2950000000 -1.603281261
  .3000000000 -1.519054109
  .3050000000 -1.440518978
  .3100000000 -1.365478439
  .3150000000 -1.294541051
  .3200000000 -1.228114046
  .3250000000 -1.164349953
  .3300000000 -1.104698548
  .3350000000 -1.047988844
  .3400000000 -.9937165801
  .3450000000 -.9432031881
  .3500000000 -.8943110351
  .3550000000 -.8487692530
  .3600000000 -.8049992670
  .3650000000 -.7636337688
  .3700000000 -.7244162081
  .3750000000 -.6869032154
  .3800000000 -.6517618290
  .3850000000 -.6178289423
  .3900000000 -.5863677963
  .3950000000 -.5557899487
  .4000000000 -.5276797506
  .4050000000 -.5002751597
  .4100000000 -.4752399906
  .4150000000 -.4508662854
  .4200000000 -.4286713193
  .4250000000 -.4072221755
  .4300000000 -.3886450904
  .4350000000 -.3703163065
  .4400000000 -.3533499603
  .4450000000 -.3377227668
  .4500000000 -.3234153111
  .4550000000 -.3104116930
  .4600000000 -.2986992301
  .4650000000 -.2882682247
  .4700000000 -.2791117914
  .4750000000 -.2712257454
  .4800000000 -.2646085429
  .4850000000 -.2592612682
  .4900000000 -.2551876575
  .4950000000 -.2523941530
  .5000000000 -.2508899767
  .5050000000 -.2506872194
  .5100000000 -.2518009370
  .5150000000 -.2542492502
  .5200000000 -.2580534441
  .5250000000 -.2609631864
  .5300000000 -.2686717102
  .5350000000 -.2764626797
  .5400000000 -.2868749122
  .5450000000 -.2981484331
  .5500000000 -.3111408331
  .5550000000 -.3259958940
  .5600000000 -.3418542127
  .5650000000 -.3604309624
  .5700000000 -.3794633590
  .5750000000 -.4019424095
  .5800000000 -.4246874905
  .5850000000 -.4510931492
  .5900000000 -.4780179453
  .5950000000 -.5085310464
  .6000000000 -.5399034619
  .6050000000 -.5749996570
  .6100000000 -.6111305512
  .6150000000 -.6513493078
  .6200000000 -.6925943783
  .6250000000 -.7385489892
  .6300000000 -.7856829815
  .6350000000 -.8376996193
  .6400000000 -.8916617029
  .6450000000 -.9500493327
  .6500000000 -1.011695830
  .6550000000 -1.077011532
  .6600000000 -1.147319004
  .6650000000 -1.220370863
  .6700000000 -1.300269195
  .6750000000 -1.383762644
  .6800000000 -1.472518176
  .6850000000 -1.567837355
  .6900000000 -1.667665528
  .6950000000 -1.775038900
  .7000000000 -1.889271495
  .7050000000 -2.009447545
  .7100000000 -2.138786540
  .7150000000 -2.276635123
  .7200000000 -2.422314484
  .7250000000 -2.577745828
  .7300000000 -2.745264886
  .7350000000 -2.923107553
  .7400000000 -3.112216878
  .7450000000 -3.314755060
  .7500000000 -3.533386015
  .7550000000 -3.766927481
  .7600000000 -4.016823598
  .7650000000 -4.284686270
  .7700000000 -4.572314762
  .7750000000 -4.883013166
  .7800000000 -5.218786091
  .7850000000 -5.580804683
  .7900000000 -5.971752572
  .7950000000 -6.394607028
  .8000000000 -6.852666509
  .8050000000 -7.349579835
  .8100000000 -7.889377206
  .8150000000 -8.476503344
  .8200000000 -9.115853242
  .8250000000 -9.812811115
  .8300000000 -10.57860587
  .8350000000 -11.41632260
  .8400000000 -12.33303796
  .8450000000 -13.33679411
  .8500000000 -14.44291026
  .8550000000 -15.66328209
  .8600000000 -17.00279132
  .8650000000 -18.49050194
  .8700000000 -20.13013553
  .8750000000 -21.95551497
  .8800000000 -23.97641757
  .8850000000 -26.23581568
  .8900000000 -28.76140599
  .8950000000 -31.59300873
&
@ s5 color  3
@ s5 linestyle  1
@target s5
@type xy
  .4265558263 -10.000
  .4265558263  10.000
  .5243902535  10.000
  .5243902535 -10.000
&
