# ACE/gr parameter file
#
@    version 50122
@    world xmin 0.25
@    world xmax 0.75
@    title font 5
@    xaxis  tick major 0.1
@    xaxis  tick minor 0.02
@    xaxis  label "(r-r\s1\N)/d"
@    xaxis  label font 5
@    xaxis  label char size 1.2
@    xaxis  ticklabel font 4
@    xaxis  ticklabel char size 1
@    yaxis  tick major .1
@    yaxis  tick minor .02
@    yaxis  label font 4
@    yaxis  label char size 1.2
@    yaxis  ticklabel font 5
@    yaxis  ticklabel char size 1
@    title "potential between neighbors"
@    yaxis  label "V(r) (Ry)"
@    world ymin -10.
@    world ymax   .0
@    yaxis  tick major 2
@    yaxis  tick minor 1
@ s0 color  1
@ s0 linestyle  1
@ legend string 0 "(1)-(2)"
@target s0
@type xy
  .1000000000 -115.2277470
  .1050000000 -109.7432285
  .1100000000 -104.7564966
  .1150000000 -100.2005368
  .1200000000 -96.02364582
  .1250000000 -92.18818506
  .1300000000 -88.63890977
  .1350000000 -85.35980294
  .1400000000 -82.30736022
  .1450000000 -79.47368133
  .1500000000 -76.82188823
  .1550000000 -74.34369680
  .1600000000 -72.02305329
  .1650000000 -69.84014441
  .1700000000 -67.78390446
  .1750000000 -65.84461660
  .1800000000 -64.01763943
  .1850000000 -62.28846342
  .1900000000 -60.64970874
  .1950000000 -59.09464085
  .2000000000 -57.61710528
  .2050000000 -56.21147015
  .2100000000 -54.87257544
  .2150000000 -53.59568797
  .2200000000 -52.37646144
  .2250000000 -51.21090080
  .2300000000 -50.09722686
  .2350000000 -49.03247069
  .2400000000 -48.01152866
  .2450000000 -47.03146982
  .2500000000 -46.08958995
  .2550000000 -45.18339231
  .2600000000 -44.31488519
  .2650000000 -43.47959566
  .2700000000 -42.67363702
  .2750000000 -41.89515504
  .2800000000 -41.14734867
  .2850000000 -40.42595697
  .2900000000 -39.72720946
  .2950000000 -39.05227406
  .3000000000 -38.40247952
  .3050000000 -37.77135618
  .3100000000 -37.16059068
  .3150000000 -36.57160919
  .3200000000 -35.99802307
  .3250000000 -35.44402337
  .3300000000 -34.90685106
  .3350000000 -34.38276828
  .3400000000 -33.87879209
  .3450000000 -33.38588308
  .3500000000 -32.90888115
  .3550000000 -32.44480857
  .3600000000 -31.99261223
  .3650000000 -31.55489378
  .3700000000 -31.12588799
  .3750000000 -30.71227082
  .3800000000 -30.30541339
  .3850000000 -29.91341260
  .3900000000 -29.52762367
  .3950000000 -29.15509753
  .4000000000 -28.78861505
  .4050000000 -28.43437860
  .4100000000 -28.08559630
  .4150000000 -27.74855632
  .4200000000 -27.41600860
  .4250000000 -27.09515484
  .4300000000 -26.77805384
  .4350000000 -26.47190095
  .4400000000 -26.16979117
  .4450000000 -25.87670533
  .4500000000 -25.58874172
  .4550000000 -25.30764584
  .4600000000 -25.03304391
  .4650000000 -24.76295246
  .4700000000 -24.50098315
  .4750000000 -24.24178606
  .4800000000  .0044247182
  .4850000000  .0040011800
  .4900000000  .0035267196
  .4950000000  .0030011267
  .5000000000  .0024241826
  .5050000000  .0017956561
  .5100000000  .0011153014
  .5150000000  .0003828576
  .5200000000 -.0004019479
  .5250000000 -.0012393929
  .5300000000 -23.60048247
  .5350000000 -23.85510343
  .5400000000 -24.11484138
  .5450000000 -24.38169311
  .5500000000 -24.65202753
  .5550000000 -24.93181527
  .5600000000 -25.21476453
  .5650000000 -25.50717825
  .5700000000 -25.80405225
  .5750000000 -26.10963505
  .5800000000 -26.42126859
  .5850000000 -26.74119728
  .5900000000 -27.06848989
  .5950000000 -27.40405099
  .6000000000 -27.74797358
  .6050000000 -28.10057466
  .6100000000 -28.46217726
  .6150000000 -28.83335992
  .6200000000 -29.21378059
  .6250000000 -29.60523545
  .6300000000 -30.00571049
  .6350000000 -30.41929438
  .6400000000 -30.84116994
  .6450000000 -31.27892575
  .6500000000 -31.72537931
  .6550000000 -32.18785024
  .6600000000 -32.66203873
  .6650000000 -33.15016082
  .6700000000 -33.65472339
  .6750000000 -34.17145155
  .6800000000 -34.70822693
  .6850000000 -35.25999722
  .6900000000 -35.82784867
  .6950000000 -36.41810986
  .7000000000 -37.02523281
  .7050000000 -37.65204333
  .7100000000 -38.30383413
  .7150000000 -38.97606512
  .7200000000 -39.67006935
  .7250000000 -40.39403197
  .7300000000 -41.14309546
  .7350000000 -41.91860787
  .7400000000 -42.72297662
  .7450000000 -43.56301894
  .7500000000 -44.43522020
  .7550000000 -45.34181089
  .7600000000 -46.28520594
  .7650000000 -47.26802143
  .7700000000 -48.29668911
  .7750000000 -49.37092851
  .7800000000 -50.49340429
  .7850000000 -51.66767271
  .7900000000 -52.89759915
  .7950000000 -54.18738885
  .8000000000 -55.54162140
  .8050000000 -56.96528932
  .8100000000 -58.46384161
  .8150000000 -60.04323281
  .8200000000 -61.70997856
  .8250000000 -63.47121859
  .8300000000 -65.33478849
  .8350000000 -67.31626455
  .8400000000 -69.42129225
  .8450000000 -71.65943865
  .8500000000 -74.04253820
  .8550000000 -76.59958124
  .8600000000 -79.33340703
  .8650000000 -82.26949842
  .8700000000 -85.43359550
  .8750000000 -88.84886001
  .8800000000 -92.54536107
  .8850000000 -96.57065643
  .8900000000 -100.9561774
  .8950000000 -105.7564408
&
@ s1 color  1
@ s1 linestyle  1
@target s1
@type xy
  .4756097464 -10.000
  .4756097464  10.000
  .5265230327  10.000
  .5265230327 -10.000
&
@ s2 color  2
@ s2 linestyle  1
@ legend string 2 "(2)-(1)"
@target s2
@type xy
  .1000000000 -111.0358113
  .1050000000 -105.7564408
  .1100000000 -100.9561774
  .1150000000 -96.57065643
  .1200000000 -92.54536107
  .1250000000 -88.84886001
  .1300000000 -85.43359550
  .1350000000 -82.26949842
  .1400000000 -79.33340703
  .1450000000 -76.59958124
  .1500000000 -74.04253820
  .1550000000 -71.65943865
  .1600000000 -69.42129225
  .1650000000 -67.31626455
  .1700000000 -65.33478849
  .1750000000 -63.47121859
  .1800000000 -61.70997856
  .1850000000 -60.04323281
  .1900000000 -58.46384161
  .1950000000 -56.96528932
  .2000000000 -55.54162140
  .2050000000 -54.18738885
  .2100000000 -52.89759915
  .2150000000 -51.66767271
  .2200000000 -50.49340429
  .2250000000 -49.37092851
  .2300000000 -48.29668911
  .2350000000 -47.26802143
  .2400000000 -46.28520594
  .2450000000 -45.34181089
  .2500000000 -44.43522020
  .2550000000 -43.56301894
  .2600000000 -42.72297662
  .2650000000 -41.91860787
  .2700000000 -41.14309546
  .2750000000 -40.39403197
  .2800000000 -39.67006935
  .2850000000 -38.97606512
  .2900000000 -38.30383413
  .2950000000 -37.65204333
  .3000000000 -37.02523281
  .3050000000 -36.41810986
  .3100000000 -35.82784867
  .3150000000 -35.25999722
  .3200000000 -34.70822693
  .3250000000 -34.17145155
  .3300000000 -33.65472339
  .3350000000 -33.15016082
  .3400000000 -32.66203873
  .3450000000 -32.18785024
  .3500000000 -31.72537931
  .3550000000 -31.27892575
  .3600000000 -30.84116994
  .3650000000 -30.41929438
  .3700000000 -30.00571049
  .3750000000 -29.60523545
  .3800000000 -29.21378059
  .3850000000 -28.83335992
  .3900000000 -28.46217726
  .3950000000 -28.10057466
  .4000000000 -27.74797358
  .4050000000 -27.40405099
  .4100000000 -27.06848989
  .4150000000 -26.74119728
  .4200000000 -26.42126859
  .4250000000 -26.10963505
  .4300000000 -25.80405225
  .4350000000 -25.50717825
  .4400000000 -25.21476453
  .4450000000 -24.93181527
  .4500000000 -24.65202753
  .4550000000 -24.38169311
  .4600000000 -24.11484138
  .4650000000 -23.85510343
  .4700000000 -23.60048247
  .4750000000 -.0012393929
  .4800000000 -.0004019479
  .4850000000  .0003828576
  .4900000000  .0011153014
  .4950000000  .0017956561
  .5000000000  .0024241826
  .5050000000  .0030011267
  .5100000000  .0035267196
  .5150000000  .0040011800
  .5200000000  .0044247182
  .5250000000 -24.24178606
  .5300000000 -24.50098315
  .5350000000 -24.76295246
  .5400000000 -25.03304391
  .5450000000 -25.30764584
  .5500000000 -25.58874172
  .5550000000 -25.87670533
  .5600000000 -26.16979117
  .5650000000 -26.47190095
  .5700000000 -26.77805384
  .5750000000 -27.09515484
  .5800000000 -27.41600860
  .5850000000 -27.74855632
  .5900000000 -28.08559630
  .5950000000 -28.43437860
  .6000000000 -28.78861505
  .6050000000 -29.15509753
  .6100000000 -29.52762367
  .6150000000 -29.91341260
  .6200000000 -30.30541339
  .6250000000 -30.71227082
  .6300000000 -31.12588799
  .6350000000 -31.55489378
  .6400000000 -31.99261223
  .6450000000 -32.44480857
  .6500000000 -32.90888115
  .6550000000 -33.38588308
  .6600000000 -33.87879209
  .6650000000 -34.38276828
  .6700000000 -34.90685106
  .6750000000 -35.44402337
  .6800000000 -35.99802307
  .6850000000 -36.57160919
  .6900000000 -37.16059068
  .6950000000 -37.77135618
  .7000000000 -38.40247952
  .7050000000 -39.05227406
  .7100000000 -39.72720946
  .7150000000 -40.42595697
  .7200000000 -41.14734867
  .7250000000 -41.89515504
  .7300000000 -42.67363702
  .7350000000 -43.47959566
  .7400000000 -44.31488519
  .7450000000 -45.18339231
  .7500000000 -46.08958995
  .7550000000 -47.03146982
  .7600000000 -48.01152866
  .7650000000 -49.03247069
  .7700000000 -50.09722686
  .7750000000 -51.21090080
  .7800000000 -52.37646144
  .7850000000 -53.59568797
  .7900000000 -54.87257544
  .7950000000 -56.21147015
  .8000000000 -57.61710528
  .8050000000 -59.09464085
  .8100000000 -60.64970874
  .8150000000 -62.28846342
  .8200000000 -64.01763943
  .8250000000 -65.84461660
  .8300000000 -67.78390446
  .8350000000 -69.84014441
  .8400000000 -72.02305329
  .8450000000 -74.34369680
  .8500000000 -76.82188823
  .8550000000 -79.47368133
  .8600000000 -82.30736022
  .8650000000 -85.35980294
  .8700000000 -88.63890977
  .8750000000 -92.18818506
  .8800000000 -96.02364582
  .8850000000 -100.2005368
  .8900000000 -104.7564966
  .8950000000 -109.7432285
&
@ s3 color  2
@ s3 linestyle  1
@target s3
@type xy
  .4734769672 -10.000
  .4734769672  10.000
  .5243902535  10.000
  .5243902535 -10.000
&
@ s4 color  3
@ s4 linestyle  1
@ legend string 4 "(3)-(1)"
@target s4
@type xy
  .1000000000 -55.45205809
  .1050000000 -52.81224232
  .1100000000 -50.41329816
  .1150000000 -48.22263526
  .1200000000 -46.21267969
  .1250000000 -44.36270959
  .1300000000 -42.65862776
  .1350000000 -41.07575150
  .1400000000 -39.61160146
  .1450000000 -38.24439466
  .1500000000 -36.96985040
  .1550000000 -35.77833894
  .1600000000 -34.65945841
  .1650000000 -33.60743941
  .1700000000 -32.62054477
  .1750000000 -31.68921831
  .1800000000 -30.80914007
  .1850000000 -29.97638072
  .1900000000 -29.18736032
  .1950000000 -28.43881224
  .2000000000 -27.72775143
  .2050000000 -27.05144658
  .2100000000 -26.40739545
  .2150000000 -25.79330303
  .2200000000 -25.20706219
  .2250000000 -24.64673635
  .2300000000 -24.11054406
  .2350000000 -23.59684519
  .2400000000 -23.10418865
  .2450000000 -22.63352320
  .2500000000 -22.18126724
  .2550000000 -21.74621235
  .2600000000 -21.32724234
  .2650000000 -20.92385458
  .2700000000 -20.53723652
  .2750000000 -20.16384887
  .2800000000 -19.80286188
  .2850000000 -19.45508501
  .2900000000 -19.12021251
  .2950000000 -18.79556484
  .3000000000 -18.48142765
  .3050000000 -18.17921116
  .3100000000 -17.88542689
  .3150000000 -17.60096956
  .3200000000 -17.32652392
  .3250000000 -17.05902895
  .3300000000 -16.80086790
  .3350000000 -16.55010130
  .3400000000 -16.30579357
  .3450000000 -16.07028250
  .3500000000 -15.83975691
  .3550000000 -15.61729458
  .3600000000 -15.40002820
  .3650000000 -15.18906637
  .3700000000 -14.98391839
  .3750000000 -14.78371193
  .3800000000 -14.58964627
  .3850000000 -14.39951164
  .3900000000 -14.21558652
  .3950000000 -14.03489553
  .4000000000 -13.86025416
  .4050000000 -13.68842851
  .4100000000 -13.52229081
  .4150000000 -13.35879726
  .4200000000 -13.20045242
  .4250000000 -13.04479854
  .4300000000  .0031636122
  .4350000000  .0030077920
  .4400000000  .0028421193
  .4450000000  .0026665166
  .4500000000  .0024808992
  .4550000000  .0022851809
  .4600000000  .0020792787
  .4650000000  .0018631158
  .4700000000  .0016366231
  .4750000000  .0013997390
  .4800000000  .0011524080
  .4850000000  .0008945784
  .4900000000  .0006261994
  .4950000000  .0003472171
  .5000000000  .0000575715
  .5050000000 -.0002428064
  .5100000000 -.0005539976
  .5150000000 -.0008760950
  .5200000000 -.0012092040
  .5250000000 -24.24812754
  .5300000000 -24.50797813
  .5350000000 -24.77060792
  .5400000000 -25.04128890
  .5450000000 -25.31646379
  .5500000000 -25.59809302
  .5550000000 -25.88654641
  .5600000000 -26.18010509
  .5650000000 -26.48262482
  .5700000000 -26.78918637
  .5750000000 -27.10661996
  .5800000000 -27.42781025
  .5850000000 -27.76061963
  .5900000000 -28.09791980
  .5950000000 -28.44689534
  .6000000000 -28.80131707
  .6050000000 -29.16792127
  .6100000000 -29.54055906
  .6150000000 -29.92639576
  .6200000000 -30.31843592
  .6250000000 -30.72526557
  .6300000000 -31.13884611
  .6350000000 -31.56775344
  .6400000000 -32.00535651
  .6450000000 -32.45738935
  .6500000000 -32.92126960
  .6550000000 -33.39804609
  .6600000000 -33.89068918
  .6650000000 -34.39438013
  .6700000000 -34.91812970
  .6750000000 -35.45494920
  .6800000000 -36.00856636
  .6850000000 -36.58173929
  .6900000000 -37.17028835
  .6950000000 -37.78059318
  .7000000000 -38.41123520
  .7050000000 -39.06053116
  .7100000000 -39.73494737
  .7150000000 -40.43316045
  .7200000000 -41.15400439
  .7250000000 -41.90125009
  .7300000000 -42.67916124
  .7350000000 -43.48454047
  .7400000000 -44.31924287
  .7450000000 -45.18715720
  .7500000000 -46.09275942
  .7550000000 -47.03404076
  .7600000000 -48.01349906
  .7650000000 -49.03383971
  .7700000000 -50.09799481
  .7750000000 -51.21107029
  .7800000000 -52.37603576
  .7850000000 -53.59467000
  .7900000000 -54.87096879
  .7950000000 -56.20927906
  .8000000000 -57.61433453
  .8050000000 -59.09129570
  .8100000000 -60.64579482
  .8150000000 -62.28398673
  .8200000000 -64.01260630
  .8250000000 -65.83903366
  .8300000000 -67.77778140
  .8350000000 -69.83348938
  .8400000000 -72.01587501
  .8450000000 -74.33600492
  .8500000000 -76.81369651
  .8550000000 -79.46500631
  .8600000000 -82.29821851
  .8650000000 -85.35022294
  .8700000000 -88.62892123
  .8750000000 -92.17783606
  .8800000000 -96.01299273
  .8850000000 -100.1896681
  .8900000000 -104.7455300
  .8950000000 -109.7323234
&
@ s5 color  3
@ s5 linestyle  1
@target s5
@type xy
  .4265558263 -10.000
  .4265558263  10.000
  .5243902535  10.000
  .5243902535 -10.000
&
