 (i6, f12.0, f18.0, f8.3, i6)
   668  60.0000000  0.02500000000000  27.000     2
 (3e22.14)
  2.87832554842742e-06  3.02292199490759e-06  3.17478205413485e-06
  3.33427057513990e-06  3.50177073097809e-06  3.67768493885620e-06
  3.86243582644959e-06  4.05646724672735e-06  4.26024534371937e-06
  4.47425967178124e-06  4.69902437104265e-06  4.93507940185401e-06
  5.18299184119773e-06  5.44335724416358e-06  5.71680107376600e-06
  6.00398020250997e-06  6.30558448933822e-06  6.62233843568849e-06
  6.95500292471054e-06  7.30437704769414e-06  7.67130002223324e-06
  8.05665320656942e-06  8.46136221507280e-06  8.88639913983694e-06
  9.33278488376708e-06  9.80159161070911e-06  1.02939453185427e-05
  1.08110285413176e-05  1.13540831870344e-05  1.19244135176799e-05
  1.25233892788875e-05  1.31524489864721e-05  1.38131033779187e-05
  1.45069390369380e-05  1.52356221998586e-05  1.60009027528954e-05
  1.68046184299531e-05  1.76486992208673e-05  1.85351720008490e-05
  1.94661653918956e-05  2.04439148681908e-05  2.14707681172958e-05
  2.25491906703064e-05  2.36817718141879e-05  2.48712308005818e-05
  2.61204233658093e-05  2.74323485778091e-05  2.88101560261370e-05
  3.02571533725743e-05  3.17768142798604e-05  3.33727867381529e-05
  3.50489018084155e-05  3.68091828042071e-05  3.86578549333778e-05
  4.05993554229504e-05  4.26383441511633e-05  4.47797148123041e-05
  4.70286066405756e-05  4.93904167215402e-05  5.18708129198112e-05
  5.44757474545262e-05  5.72114711543900e-05  6.00845484267081e-05
  6.31018729756821e-05  6.62706843079995e-05  6.95985850641296e-05
  7.30935592179224e-05  7.67639911862439e-05  8.06186858957698e-05
  8.46668898533492e-05  8.89183132710129e-05  9.33831532977011e-05
  9.80721184133821e-05  1.02996454043033e-04  1.08167969452207e-04
  1.13599065986830e-04  1.19302766726150e-04  1.25292747616972e-04
  1.31583370165503e-04  1.38189715762340e-04  1.45127621723531e-04
  1.52413719132274e-04  1.60065472571702e-04  1.68101221842035e-04
  1.76540225762358e-04  1.85402708158640e-04  1.94709906149991e-04
  2.04484120843555e-04  2.14748770562056e-04  2.25528446726400e-04
  2.36848972527936e-04  2.48737464527489e-04  2.61222397327845e-04
  2.74333671470877e-04  2.88102684721921e-04  3.02562406905938e-04
  3.17747458477133e-04  3.33694193000628e-04  3.50440783747346e-04
  3.68027314600051e-04  3.86495875488668e-04  4.05890662576718e-04
  4.26258083436305e-04  4.47646867456154e-04  4.70108181745959e-04
  4.93695752803190e-04  5.18465994234683e-04  5.44478140825253e-04
  5.71794389273129e-04  6.00480045917198e-04  6.30603681805612e-04
  6.62237295462385e-04  6.95456483741231e-04  7.30340621152157e-04
  7.66973048095076e-04  8.05441268422721e-04  8.45837156806355e-04
  8.88257176377285e-04  9.32802607155634e-04  9.79579785792674e-04
  1.02870035718826e-03  1.08028153855823e-03  1.13444639657609e-03
  1.19132413821171e-03  1.25105041596243e-03  1.31376764815695e-03
  1.37962535509184e-03  1.44878051176000e-03  1.52139791799223e-03
  1.59765058685565e-03  1.67772015220999e-03  1.76179729634202e-03
  1.85008219867950e-03  1.94278500657982e-03  2.04012632930813e-03
  2.14233775629109e-03  2.24966240086232e-03  2.36235547071156e-03
  2.48068486634913e-03  2.60493180893160e-03  2.73539149888615e-03
  2.87237380679881e-03  3.01620399816387e-03  3.16722349357446e-03
  3.32579066613231e-03  3.49228167779774e-03  3.66709135661567e-03
  3.85063411673783e-03  4.04334492332337e-03  4.24568030444861e-03
  4.45811941230392e-03  4.68116513599271e-03  4.91534526846131e-03
  5.16121373004859e-03  5.41935185146877e-03  5.69036971893120e-03
  5.97490758445336e-03  6.27363734438222e-03  6.58726408939951e-03
  6.91652772935343e-03  7.26220469649249e-03  7.62510973072205e-03
  8.00609775084908e-03  8.40606581569119e-03  8.82595517945833e-03
  9.26675344560386e-03  9.72949682391872e-03  1.02152724955450e-02
  1.07252210910014e-02  1.12605392863977e-02  1.18224825233805e-02
  1.24123678583944e-02  1.30315769473854e-02  1.36815591719466e-02
  1.43638349135978e-02  1.50799989827827e-02  1.58317242097598e-02
  1.66207652046115e-02  1.74489622942041e-02  1.83182456437962e-02
  1.92306395720137e-02  2.01882670673525e-02  2.11933545157254e-02
  2.22482366480197e-02  2.33553617177205e-02  2.45172969185858e-02
  2.57367340530725e-02  2.70164954623329e-02  2.83595402294692e-02
  2.97689706675083e-02  3.12480391050123e-02  3.28001549813876e-02
  3.44288922659538e-02  3.61379972138920e-02  3.79313964738505e-02
  3.98132055617324e-02  4.17877377162565e-02  4.38595131519060e-02
  4.60332687262016e-02  4.83139680376329e-02  5.07068119729026e-02
  5.32172497204124e-02  5.58509902701639e-02  5.86140144183436e-02
  6.15125872974708e-02  6.45532714522640e-02  6.77429404829188e-02
  7.10887932772068e-02  7.45983688547666e-02  7.82795618455218e-02
  8.21406386278426e-02  8.61902541486047e-02  9.04374694525650e-02
  9.48917699446405e-02  9.95630844127736e-02  1.04461804837257e-01
  1.09598807014543e-01  1.14985472022450e-01  1.20633708556542e-01
  1.26555976164214e-01  1.32765309408840e-01  1.39275342989476e-01
  1.46100337850125e-01  1.53255208304953e-01  1.60755550212249e-01
  1.68617670225757e-01  1.76858616154869e-01  1.85496208462170e-01
  1.94549072930797e-01  2.04036674527209e-01  2.13979352494127e-01
  2.24398356694852e-01  2.35315885244118e-01  2.46755123445593e-01
  2.58740284066116e-01  2.71296648967819e-01  2.84450612122783e-01
  2.98229724027795e-01  3.12662737542238e-01  3.27779655157845e-01
  3.43611777723772e-01  3.60191754623946e-01  3.77553635426750e-01
  3.95732922997861e-01  4.14766628082767e-01  4.34693325347092e-01
  4.55553210866736e-01  4.77388161044638e-01  5.00241792938201e-01
  5.24159525953035e-01  5.49188644882519e-01  5.75378364222007e-01
  6.02779893725511e-01  6.31446505116786e-01  6.61433599892314e-01
  6.92798778117348e-01  7.25601908120177e-01  7.59905196959211e-01
  7.95773261547540e-01  8.33273200265130e-01  8.72474664929043e-01
  9.13449932897266e-01  9.56273979149474e-01  1.00102454808402e+00
  1.04778222481402e+00  1.09663050567713e+00  1.14765586767840e+00
  1.20094783652823e+00  1.25659905295397e+00  1.31470533686313e+00
  1.37536574900838e+00  1.43868264963196e+00  1.50476175368968e+00
  1.57371218206684e+00  1.64564650827854e+00  1.72068080002487e+00
  1.79893465498359e+00  1.88053123012217e+00  1.96559726384608e+00
  2.05426309012518e+00  2.14666264387624e+00  2.24293345657939e+00
  2.34321664133536e+00  2.44765686624649e+00  2.55640231516145e+00
  2.66960463462181e+00  2.78741886588860e+00  2.91000336076854e+00
  3.03751968004562e+00  3.17013247303994e+00  3.30800933708682e+00
  3.45132065523226e+00  3.60023941088270e+00  3.75494097761788e+00
  3.91560288270045e+00  4.08240454250381e+00  4.25552696822950e+00
  4.43515244003090e+00  4.62146414792911e+00  4.81464579744269e+00
  5.01488117842445e+00  5.22235369484418e+00  5.43724585407580e+00
  5.65973871347311e+00  5.89001128271875e+00  6.12823987983956e+00
  6.37459743959831e+00  6.62925277198587e+00  6.89236976997996e+00
  7.16410656440534e+00  7.44461462515541e+00  7.73403780721497e+00
  8.03251134090814e+00  8.34016076512088e+00  8.65710080384671e+00
  8.98343418472453e+00  9.31925040112928e+00  9.66462441694291e+00
  1.00196153161231e+01  1.03842648976705e+01  1.07585962184357e+01
  1.11426120858180e+01  1.15362935040177e+01  1.19395980767737e+01
  1.23524583722155e+01  1.27747802535746e+01  1.32064411836276e+01
  1.36472885080334e+01  1.40971377270556e+01  1.45557707633043e+01
  1.50229342367344e+01  1.54983377562618e+01  1.59816522426920e+01
  1.64725082930423e+01  1.69704946047503e+01  1.74751564718142e+01
  1.79859943732274e+01  1.85024626697599e+01  1.90239684304163e+01
  1.95498704081584e+01  2.00794781886001e+01  2.06120515330165e+01
  2.11467999427405e+01  2.16828824667097e+01  2.22194077836236e+01
  2.27554345794285e+01  2.32899722544762e+01  2.38219819825681e+01
  2.43503781543834e+01  2.48740302306392e+01  2.53917650346564e+01
  2.59023695090361e+01  2.64045939654916e+01  2.68971558476006e+01
  2.73787440352199e+01  2.78480237018493e+01  2.83036417522012e+01
  2.87442328430179e+01  2.91684260051760e+01  2.95748518651679e+01
  2.99621504709178e+01  3.03289797082033e+01  3.06740243043788e+01
  3.09960053855162e+01  3.12936905737024e+01  3.15659045723654e+01
  3.18115402057743e+01  3.20295698475080e+01  3.22190571790149e+01
  3.23791691933422e+01  3.25091883669974e+01  3.26085248869152e+01
  3.26767288382837e+01  3.27135022165049e+01  3.27187106428897e+01
  3.26923946329844e+01  3.26347802705555e+01  3.25462891187088e+01
  3.24275472073320e+01  3.22793929071426e+01  3.21028835258526e+01
  3.18993004211845e+01  3.16701524646898e+01  3.14171776553100e+01
  3.11423427138157e+01  3.08478404746105e+01  3.05360849234539e+01
  3.02097037136678e+01  2.98715280506929e+01  2.95245798071742e+01
  2.91720558048876e+01  2.88173091854589e+01  2.84638278553579e+01
  2.81152100034134e+01  2.77751367501830e+01  2.74473420017489e+01
  2.71355796654733e+01  2.68435883832099e+01  2.65750540381023e+01
  2.63335702967818e+01  2.61225975300068e+01  2.59454204897685e+01
  2.58051051723547e+01  2.57044553490489e+01  2.56459692791291e+01
  2.56317971735581e+01  2.56636999962062e+01  2.57430102313283e+01
  2.58705952571415e+01  2.60468239839158e+01  2.62715374143671e+01
  2.65440237833472e+01  2.68629989079778e+01  2.72265923637107e+01
  2.76323400474704e+01  2.80771836475994e+01  2.85574774755101e+01
  2.90690030244608e+01  2.96069915545776e+01  3.01661548824738e+01
  3.07407244556081e+01  3.13244986729815e+01  3.19108982771921e+01
  3.24930295209859e+01  3.30637546657300e+01  3.36157692315967e+01
  3.41416852779789e+01  3.46341198601938e+01  3.50857876576499e+01
  3.54895966764829e+01  3.58387457643267e+01  3.61268226282901e+01
  3.63479009063620e+01  3.64966348120821e+01  3.65683497967939e+01
  3.65591276618032e+01  3.64658845346815e+01  3.62864401671042e+01
  3.60195770373339e+01  3.56650878458873e+01  3.52238100828672e+01
  3.46976464987414e+01  3.40895704728761e+01  3.34036154862854e+01
  3.26448481140153e+01  3.18193242417763e+01  3.09340284532165e+01
  2.99967968737620e+01  2.90162240484712e+01  2.80015547775320e+01
  2.69625621589814e+01  2.59094134367738e+01  2.48525255488593e+01
  2.38024126148180e+01  2.27695278353631e+01  2.17641025523184e+01
  2.07959853819700e+01  1.98744844785367e+01  1.90082160485260e+01
  1.82049622235421e+01  1.74715413168056e+01  1.68136933170882e+01
  1.62359832191206e+01  1.57417244768719e+01  1.53329244501623e+01
  1.50102532829535e+01  1.47730371355137e+01  1.46192761738469e+01
  1.45456871670885e+01  1.45477699963938e+01  1.46198968371723e+01
  1.47554222571144e+01  1.49468119830292e+01  1.51857876435785e+01
  1.54634844017836e+01  1.57706180650658e+01  1.60976580128045e+01
  1.64350021245404e+01  1.67731498366199e+01  1.71028695066739e+01
  1.74153564283455e+01  1.77023781100712e+01  1.79564038043087e+01
  1.81707157357746e+01  1.83395000130005e+01  1.84579157953304e+01
  1.85221419083520e+01  1.85294007268208e+01  1.84779597589944e+01
  1.83671119381254e+01  1.81971361492826e+01  1.79692399623516e+01
  1.76854869057923e+01  1.73487108822927e+01  1.69624205008656e+01
  1.65306961755503e+01  1.60580828276933e+01  1.55494809301116e+01
  1.50100384632988e+01  1.44450461219266e+01  1.38598378346123e+01
  1.32596983488619e+01  1.26497793031782e+01  1.20350248723946e+01
  1.14201077374782e+01  1.08093758134241e+01  1.02068098699042e+01
  9.61599191035743e+00  9.04008393535950e+00  8.48181651823962e+00
  7.94348644764488e+00  7.42696256760948e+00  6.93369884968449e+00
  6.46475366829019e+00  6.02081422594139e+00  5.60222506932393e+00
  5.20901966489055e+00  4.84095404652183e+00  4.49754161328554e+00
  4.17808823392837e+00  3.88172690495292e+00  3.60745130773052e+00
  3.35414771241075e+00  3.12062478122812e+00  2.90564092674601e+00
  2.70792898019079e+00  2.52621801828726e+00  2.35925228373478e+00
  2.20580720911440e+00  2.06470262309210e+00  1.93481327027665e+00
  1.81507682283953e+00  1.70449959382782e+00  1.60216018548864e+00
  1.50721131914882e+00  1.41888009713905e+00  1.33646694444112e+00
  1.25934346793561e+00  1.18694945660525e+00  1.11878922773612e+00
  1.05442750313616e+00  9.93484977083028e-01  9.35633714802365e-01
  8.80592497786117e-01  8.28122210766334e-01  7.78021345281830e-01
  7.30121676769928e-01  6.84284156402079e-01  6.40395045350729e-01
  5.98362308091469e-01  5.58112272368341e-01  5.19586556707592e-01
  4.82739261257257e-01  4.47534414556766e-01  4.13943666684317e-01
  3.81944218368577e-01  3.51516975587156e-01  3.22644919428969e-01
  2.95311681852993e-01  2.69500318735230e-01  2.45192272393201e-01
  2.22366516309088e-01  2.00998875158407e-01  1.81061513077987e-01
  1.62522582912007e-01  1.45346028305766e-01  1.29491529573601e-01
  1.14914583092745e-01  1.01566702517810e-01  8.93957287717515e-02
  7.83462344068487e-02  6.83600066894228e-02  5.93765928668279e-02
  5.13338903962088e-02  4.41687647019594e-02  3.78176771972130e-02
  3.22173069458973e-02  2.73051504132639e-02  2.30200852425277e-02
  1.93028858497314e-02  1.60966807761433e-02  1.33473440973121e-02
  1.10038156663959e-02  9.01834746487859e-03  7.34667575543303e-03
  5.94812098405248e-03  4.78561938610450e-03  3.82569194912830e-03
  3.03835772860488e-03  2.39699947646131e-03  1.87819012037461e-03
  1.46148883669933e-03  1.12921532428691e-03  8.66210450066679e-04
  6.59590758177273e-04  4.98503468767776e-04  3.73887604567695e-04
  2.78245831116245e-04  2.05430536941193e-04  1.50446658532542e-04
  1.09272812687426e-04  7.87014605987347e-05  5.61981179264844e-05
  3.97790429824596e-05  2.79063939769861e-05  1.93995254321231e-05
  1.33608930207135e-05  9.11493715927746e-06  6.15829147455466e-06
  4.11971790279899e-06  2.72825785034260e-06  1.78822342179851e-06
  1.15979717946088e-06  7.44165340546767e-07  4.72264145099612e-07
  2.96365389200027e-07  1.83862746998002e-07  1.12740095698789e-07
  6.83084318782723e-08  4.08857684601071e-08  2.41691523057630e-08
  1.41068125811637e-08  8.12758495454561e-09  4.62106124217068e-09
  2.59212692812362e-09  1.43410051825767e-09  7.82356387892482e-10
  4.20718493866231e-10  2.22966070300960e-10  1.16413466100869e-10
  5.98640188568837e-11  3.03119620617367e-11  1.51085947861761e-11
  7.41085637195451e-12  3.57616865317697e-12  1.69723513346676e-12
  7.91967365056496e-13  3.63226772961711e-13  1.63687074056010e-13
  7.24556977103053e-14  3.14922682522770e-14  1.34355480130114e-14
  5.62416791992959e-15  2.30915474285730e-15  9.29620916011849e-16
  3.66754417461292e-16  1.41724716414290e-16  5.36207329229078e-17
  1.98588593496809e-17  7.19340186328777e-18  2.54698926864465e-18
  8.80890104745155e-19  2.97491957031238e-19  9.80850210399528e-20
  3.15990766441464e-20  9.93080318506622e-21  3.03771603411326e-21
  9.03646092743484e-22  2.61193778545808e-22  7.32918247268954e-23
  1.99472236144060e-23  5.26067189413343e-24  1.34314118595684e-24
  3.31670105524063e-25  7.91353796825531e-26  1.82256643957008e-26
  4.04767983790257e-27  8.65952218168418e-28
  1.60120009018005e-24  1.82669661499755e-24  2.08394067366124e-24
  2.37740045607147e-24  2.71217276631681e-24  3.09407141707376e-24
  3.52972804675312e-24  4.02670710403324e-24  4.59363698924258e-24
  5.24035962112074e-24  5.97810101590410e-24  6.81966582830178e-24
  7.77965921782478e-24  8.87473987545493e-24  1.01239085834287e-23
  1.15488372938862e-23  1.31742444110092e-23  1.50283227579811e-23
  1.71432276182707e-23  1.95556332761337e-23  2.23073676612947e-23
  2.54461360481640e-23  2.90263462932764e-23  3.31100498425709e-23
  3.77680147323003e-23  4.30809490781554e-23  4.91408961350097e-23
  5.60528249596056e-23  6.39364440697387e-23  7.29282693249196e-23
  8.31839816191831e-23  9.48811149521719e-23  1.08222121114262e-22
  1.23437863682021e-22  1.40791601382211e-22  1.60583529270143e-22
  1.83155955726610e-22  2.08899204165613e-22  2.38258340752769e-22
  2.71740843567487e-22  3.09925344744644e-22  3.53471595474532e-22
  4.03131824635771e-22  4.59763685637219e-22  5.24345013157918e-22
  5.97990642352191e-22  6.81971578260733e-22  7.77736843221931e-22
  8.86938375697809e-22  1.01145940587708e-21  1.15344679257586e-21
  1.31534787331555e-21  1.49995245616118e-21  1.71044066922429e-21
  1.95043748316553e-21  2.22407483521404e-21  2.53606241207802e-21
  2.89176829579110e-21  3.29731084350719e-21  3.75966336225637e-21
  4.28677335599302e-21  4.88769836834435e-21  5.57276072461553e-21
  6.35372379529072e-21  7.24399276594243e-21  8.25884331106814e-21
  9.41568203879890e-21  1.07343431074357e-20  1.22374260222250e-20
  1.39506803117192e-20  1.59034435689352e-20  1.81291402361786e-20
  2.06658495287929e-20  2.35569520486255e-20  2.68518659520196e-20
  3.06068850309056e-20  3.48861327637796e-20  3.97626483235637e-20
  4.53196227235508e-20  5.16518057757553e-20  5.88671073699496e-20
  6.70884198010034e-20  7.64556915305436e-20  8.71282869247318e-20
  9.92876712308214e-20  1.13140465417251e-19  1.28921921591739e-19
  1.46899876627501e-19  1.67379249479538e-19  1.90707156588462e-19
  2.17278729888955e-19  2.47543733427748e-19  2.82014087632993e-19
  3.21272425071796e-19  3.65981818319724e-19  4.16896839611155e-19
  4.74876133544094e-19  5.40896708616138e-19  6.16070181159512e-19
  7.01661236751850e-19  7.99108609907094e-19  9.10048923348661e-19
  1.03634377407010e-18  1.18011050540894e-18  1.34375716330417e-18
  1.53002220168680e-18  1.74201957759979e-18  1.98328996231572e-18
  2.25785889173976e-18  2.57030278922841e-18  2.92582391829958e-18
  3.33033546345081e-18  3.79055809656624e-18  4.31412956659421e-18
  4.90972905402796e-18  5.58721826228724e-18  6.35780147882180e-18
  7.23420713355516e-18  8.23089371550649e-18  9.36428328505545e-18
  1.06530262448802e-17  1.21183015133868e-17  1.37841567875293e-17
  1.56778941951837e-17  1.78305073297419e-17  2.02771764411720e-17
  2.30578294401001e-17  2.62177773667838e-17  2.98084340999116e-17
  3.38881313466818e-17  3.85230413838824e-17  4.37882216297752e-17
  4.97687969415500e-17  5.65612975780449e-17  6.42751730716143e-17
  7.30345048479690e-17  8.29799433554286e-17  9.42708987546885e-17
  1.07088017923695e-16  1.21635984699119e-16  1.38146684963651e-16
  1.56882783461735e-16  1.78141765154841e-16  2.02260500592705e-16
  2.29620402269307e-16  2.60653247347180e-16  2.95847751593626e-16
  3.35756989986584e-16  3.81006771375353e-16  4.32305087964730e-16
  4.90452775406420e-16  5.56355536139963e-16  6.31037497521841e-16
  7.15656497472139e-16  8.11521314144174e-16  9.20111082732743e-16
  1.04309717239672e-15  1.18236782969032e-15  1.34005593233380e-15
  1.51857023908413e-15  1.72063056836459e-15  1.94930739087549e-15
  2.20806638005587e-15  2.50081853015237e-15  2.83197652491629e-15
  3.20651812234838e-15  3.63005741255056e-15  4.10892490849672e-15
  4.65025754410219e-15  5.26209978214024e-15  5.95351717735583e-15
  6.73472390016015e-15  7.61722590392742e-15  8.61398161851518e-15
  9.73958227376122e-15  1.10104542048625e-14  1.24450857670940e-14
  1.40642817955559e-14  1.58914488880235e-14  1.79529151726819e-14
  2.02782886467742e-14  2.29008586492644e-14  2.58580455574023e-14
  2.91919043876598e-14  3.29496886368349e-14  3.71844814292887e-14
  4.19559018505590e-14  4.73308952494797e-14  5.33846173041606e-14
  6.02014227579532e-14  6.78759709910396e-14  7.65144619670355e-14
  8.62360176474085e-14  9.71742256752838e-14  1.09478864042751e-13
  1.23317827571767e-13  1.38879279406153e-13  1.56374053322717e-13
  1.76038335596896e-13  1.98136658386089e-13  2.22965240211625e-13
  2.50855713092443e-13  2.82179280383679e-13  3.17351354244201e-13
  3.56836727229882e-13  4.01155338545293e-13  4.50888702313058e-13
  5.06687072734738e-13  5.69277429408880e-13  6.39472375349865e-13
  7.18180050646095e-13  8.06415176093009e-13  9.05311354049570e-13
  1.01613476776956e-12  1.14029943643932e-12  1.27938420048475e-12
  1.43515163135762e-12  1.60956908151841e-12  1.80483211459178e-12
  2.02339058216754e-12  2.26797764384025e-12  2.54164205978184e-12
  2.84778412229140e-12  3.19019563349058e-12  3.57310438195663e-12
  4.00122362182747e-12  4.47980711407961e-12  5.01471035298845e-12
  5.61245866973174e-12  6.28032298427472e-12  7.02640406177464e-12
  7.85972622784033e-12  8.79034160334949e-12  9.82944604039852e-12
  1.09895080738466e-11  1.22844123529895e-11  1.37296191830943e-11
  1.53423419934782e-11  1.71417447545627e-11  1.91491615996612e-11
  2.13883411624425e-11  2.38857184352740e-11  2.66707172685001e-11
  2.97760870013202e-11  3.32382771091943e-11  3.70978542124396e-11
  4.13999662912485e-11  4.61948595230407e-11  5.15384537892450e-11
  5.74929836152335e-11  6.41277121004823e-11  7.15197262980585e-11
  7.97548235006048e-11  8.89284990315125e-11  9.91470473944136e-11
  1.10528790077616e-10  1.23205444905540e-10  1.37323653636734e-10
  1.53046686553262e-10  1.70556345064863e-10  1.90055085946245e-10
  2.11768393739937e-10  2.35947431137077e-10  2.62872000877159e-10
  2.92853856885863e-10  3.26240407125822e-10  3.63418855982656e-10
  4.04820840083992e-10  4.50927618306864e-10  5.02275884505161e-10
  5.59464280301764e-10  6.23160695268429e-10  6.94110453154234e-10
  7.73145495661393e-10  8.61194689875593e-10  9.59295402019510e-10
  1.06860649902784e-09  1.19042296087343e-09  1.32619231088609e-09
  1.47753309906068e-09  1.64625570481343e-09  1.83438576163866e-09
  2.04419054694823e-09  2.27820872701593e-09  2.53928390008083e-09
  2.83060244130135e-09  3.15573622212241e-09  3.51869085600603e-09
  3.92396021157450e-09  4.37658803821848e-09  4.88223766504200e-09
  5.44727086950325e-09  6.07883716405053e-09  6.78497492457817e-09
  7.57472598472370e-09  8.45826554688533e-09  9.44704952570279e-09
  1.05539817331049e-08  1.17936036617091e-08  1.31823100087584e-08
  1.47385935328178e-08  1.64833233458426e-08  1.84400613259825e-08
  2.06354220100151e-08  2.30994820810466e-08  2.58662464522750e-08
  2.89741789403150e-08  3.24668066694344e-08  3.63934086597369e-08
  4.08098005493550e-08  4.57792291025880e-08  5.13733921441093e-08
  5.76736017540585e-08  6.47721111663600e-08  7.27736287050498e-08
  8.17970454482277e-08  9.19774071421871e-08  1.03468165233929e-07
  1.16443746898834e-07  1.31102489592573e-07  1.47669992253609e-07
  1.66402942542565e-07  1.87593488148172e-07  2.11574229727158e-07
  2.38723924062834e-07  2.69473998675319e-07  3.04315993317092e-07
  3.43810060085448e-07  3.88594672581016e-07  4.39397715376735e-07
  4.97049149520592e-07  5.62495476578326e-07  6.36816255351215e-07
  7.21242960242181e-07  8.17180510637621e-07  9.26231845875144e-07
  1.05022597260052e-06  1.19124996860963e-06  1.35168549541024e-06
  1.53425044489424e-06  1.74204643199675e-06  1.97861294076307e-06
  2.24798903971122e-06  2.55478370578794e-06  2.90425593362321e-06
  3.30240596593565e-06  3.75607915051149e-06  4.27308413872170e-06
  4.86232734909076e-06  5.53396588497109e-06  6.29958136564439e-06
  7.17237745435753e-06  8.16740421202187e-06  9.30181281986376e-06
  1.05951446270209e-05  1.20696590213651e-05  1.37507051185146e-05
  1.56671429414944e-05  1.78518204001612e-05  2.03421131763875e-05
  2.31805354641710e-05  2.64154304348758e-05  3.01017503886942e-05
  3.43019376346581e-05  3.90869185133393e-05  4.45372242655529e-05
  5.07442541165126e-05  5.78116975260414e-05  6.58571345227436e-05
  7.50138349837847e-05  8.54327800069152e-05  9.72849309410470e-05
  1.10763774175793e-04  1.26088172832520e-04  1.43505559342922e-04
  1.63295506438834e-04  1.85773717460298e-04  2.11296480953721e-04
  2.40265638107590e-04  2.73134116822258e-04  3.10412089451993e-04
  3.52673817614805e-04  4.00565251132762e-04  4.54812454378910e-04
  5.16230938227483e-04  5.85735981741474e-04  6.64354032891580e-04
  7.53235284056933e-04  8.53667522830208e-04  9.67091365384232e-04
  1.09511698305540e-03  1.23954244091187e-03  1.40237376716576e-03
  1.58584688129872e-03  1.79245150634624e-03  2.02495719814014e-03
  2.28644161906949e-03  2.58032119009606e-03  2.91038424310572e-03
  3.28082680087660e-03  3.69629109439940e-03  4.16190692459866e-03
  4.68333595871974e-03  5.26681903154138e-03  5.91922650719204e-03
  6.64811172229687e-03  7.46176750875496e-03  8.36928574895159e-03
  9.38061988454608e-03  1.05066502342050e-02  1.17592519441216e-02
  1.31513653046626e-02  1.46970681172707e-02  1.64116497089552e-02
  1.83116860991836e-02  2.04151157444848e-02  2.27413151623692e-02
  2.53111736520911e-02  2.81471661628706e-02  3.12734233067766e-02
  3.47157972890971e-02  3.85019224643055e-02  4.26612690395045e-02
  4.72251882928285e-02  5.22269475567375e-02  5.77017530147208e-02
  6.36867582695806e-02  7.02210564007846e-02  7.73456532435434e-02
  8.51034193206660e-02  9.35390178882059e-02  1.02698806455069e-01
  1.12630708971564e-01  1.23384056070709e-01  1.35009390550667e-01
  1.47558235568905e-01  1.61082822938320e-01  1.75635779452564e-01
  1.91269768961912e-01  2.08037088853759e-01  2.25989219576198e-01
  2.45176326647587e-01  2.65646715249209e-01  2.87446238085553e-01
  3.10617658283586e-01  3.35199969793094e-01  3.61227679152546e-01
  3.88730053008208e-01  4.17730337627153e-01  4.48244957160502e-01
  4.80282698876136e-01  5.13843894801379e-01  5.48919609710207e-01
  5.85490846934271e-01  6.23527783709351e-01  6.62989048612355e-01
  7.03821054159180e-01  7.45957397759318e-01  7.89318344837557e-01
  8.33810407924729e-01  8.79326036270027e-01  9.25743430674769e-01
  9.72926499259002e-01  1.02072497022763e+00  1.06897467836872e+00
  1.11749804195488e+00  1.16610474580309e+00  1.21459264442273e+00
  1.26274889558884e+00  1.31035132992636e+00  1.35717005599880e+00
  1.40296929304528e+00  1.44750941604004e+00  1.49054918966077e+00
  1.53184816046917e+00  1.57116916935145e+00  1.60828094116413e+00
  1.64296070285555e+00  1.67499677948538e+00  1.70419111489937e+00
  1.73036166461777e+00  1.75334461065469e+00  1.77299635034174e+00
  1.78919521805261e+00  1.80184290343144e+00  1.81086553863048e+00
  1.81621443468065e+00  1.81786645628811e+00  1.81582403344624e+00
  1.81011481700793e+00  1.80079099390651e+00  1.78792828518231e+00
  1.77162465703278e+00  1.75199877939867e+00  1.72918827246283e+00
  1.70334778192134e+00  1.67464692714187e+00  1.64326816475459e+00
  1.60940460970677e+00  1.57325785311656e+00  1.53503581293080e+00
  1.49495064952221e+00  1.45321677374137e+00  1.41004897028677e+00
  1.36566065434453e+00  1.32026227475970e+00  1.27405987248280e+00
  1.22725379900609e+00  1.18003759532859e+00  1.13259703013673e+00
  1.08510929107358e+00  1.03774232353090e+00  9.90654307300283e-01
  9.43993262281112e-01  8.97896772586254e-01  8.52491818525800e-01
  8.07894706067640e-01  7.64211083102282e-01  7.21536032929284e-01
  6.79954235226430e-01  6.39540185929078e-01  6.00358467750592e-01
  5.62464063905472e-01  5.25902708248512e-01  4.90711265642175e-01
  4.56918137049929e-01  4.24543684320307e-01  3.93600670446194e-01
  3.64094710931818e-01  3.36024733272630e-01  3.09383440821250e-01
  2.84157778558113e-01  2.60329397896532e-01  2.37875118122417e-01
  2.16767382244422e-01  1.96974705032431e-01  1.78462111334886e-01
  1.61191562795513e-01  1.45122371303515e-01  1.30211597687693e-01
  1.16414434327012e-01  1.03684570583886e-01  9.19745401479517e-02
  8.12360496001861e-02  7.14202876989324e-02  6.24782150837283e-02
  5.43608342617241e-02  4.70194398987852e-02  4.04058495700636e-02
  3.44726152368796e-02  2.91732158091634e-02  2.44622312240046e-02
  2.02954985208147e-02  1.66302504327160e-02  1.34252370289443e-02
  1.06408309540239e-02  8.23911679994346e-03  6.18396516511818e-03
  4.44109186966116e-03  2.97810287358496e-03  1.76452536305653e-03
  7.71825485889180e-04 -2.65868094200955e-05 -6.55365294986981e-04
 -1.13724691718930e-03 -1.49308258953108e-03 -1.74187877205546e-03
 -1.90084919398889e-03 -1.98547601365210e-03 -2.00957963082179e-03
 -1.98539628467176e-03 -1.92366248463026e-03 -1.83370523989443e-03
 -1.72353698056413e-03 -1.59995399941376e-03 -1.46863720178625e-03
 -1.33425392550134e-03 -1.20055959489509e-03 -1.07049799907479e-03
 -9.46299040778851e-04 -8.29572881221584e-04 -7.21399514494692e-04
 -6.22412932713923e-04 -5.32879189690570e-04 -4.52767830460577e-04
 -3.81816320812073e-04 -3.19587279301845e-04 -2.65518478158688e-04
 -2.18965733439373e-04 -1.79238943876761e-04 -1.45631658079088e-04
 -1.17444648053059e-04 -9.40040417066413e-05 -7.46746173525943e-05
 -5.88688898543463e-05 -4.60526224362876e-05 -3.57473827578795e-05
 -2.75307296255219e-05 -2.10345711755576e-05 -1.59421801090817e-05
 -1.19842902272557e-05 -8.93463432410423e-06 -6.60521980303972e-06
 -4.84157687867898e-06 -3.51815816028662e-06 -2.53401747816691e-06
 -1.80885243488230e-06 -1.27945888049005e-06 -8.96615642662803e-07
 -6.22396216549080e-07 -4.27886700777124e-07 -2.91278925173922e-07
 -1.96300596860065e-07 -1.30941375628800e-07 -8.64334602641963e-08
 -5.64469043841378e-08 -3.64629322368628e-08 -2.32923166317027e-08
 -1.47101223464220e-08 -9.18229951027769e-09 -5.66374707024131e-09
 -3.45107845422748e-09 -2.07674385993744e-09 -1.23384548861214e-09
 -7.23538104725165e-10 -4.18643345975456e-10 -2.38936795482859e-10
 -1.34467058012751e-10 -7.45962778695459e-11 -4.07768812624902e-11
 -2.19561755180171e-11 -1.16412246560878e-11 -6.07544250102584e-12
 -3.11978725460282e-12 -1.57567178936950e-12 -7.82386586300668e-13
 -3.81775599630619e-13 -1.82994195530063e-13 -8.61221656675975e-14
 -3.97779175269919e-14 -1.80224479049368e-14 -8.00607197243170e-15
 -3.48533692051181e-15 -1.48616401996029e-15 -6.20382096638031e-16
 -2.53392016840001e-16 -1.01206424905322e-16 -3.95094031229740e-17
 -1.50733223543017e-17 -5.61417878543254e-18 -2.04022123598487e-18
 -7.22998495491649e-19 -2.49727793503373e-19 -8.40661194662346e-20
 -2.76100985920778e-20 -8.83128128954511e-21 -2.74436287771270e-21
 -8.27951736561871e-22 -2.42320202544836e-22 -6.87483759173481e-23
 -1.88921784082872e-23 -5.02456214434093e-24 -1.29226581433471e-24
 -3.21125382088799e-25 -7.70351380151293e-26 -1.78240848728500e-26
 -3.97404341117381e-27 -8.53017052769666e-28
 (i6, f12.0, f18.0, f8.3, i6)
   665  60.0000000  0.02500000000000  26.000     2
 (3e22.14)
  2.89367842414065e-06  3.03926416326566e-06  3.19217416612408e-06
  3.35277687831596e-06  3.52145927769069e-06  3.69862780631151e-06
  3.88470934927350e-06  4.08015226272963e-06  4.28542745359746e-06
  4.50102951354323e-06  4.72747790997205e-06  4.96531823688454e-06
  5.21512352861396e-06  5.47749563959417e-06  5.75306669348925e-06
  6.04250060514786e-06  6.34649467907420e-06  6.66578128820705e-06
  7.00112963712199e-06  7.35334761377843e-06  7.72328373440880e-06
  8.11182918607133e-06  8.51991997190538e-06  8.94853916415216e-06
  9.39871927041039e-06  9.87154471877041e-06  1.03681544678505e-05
  1.08897447479206e-05  1.14375719398178e-05  1.20129555984217e-05
  1.26172816280966e-05  1.32520056176052e-05  1.39186563425899e-05
  1.46188394439473e-05  1.53542412910451e-05  1.61266330388627e-05
  1.69378748890696e-05  1.77899205649275e-05  1.86848220110968e-05
  1.96247343293375e-05  2.06119209621408e-05  2.16487591366079e-05
  2.27377455817175e-05  2.38815025325807e-05  2.50827840362552e-05
  2.63444825739665e-05  2.76696360159966e-05  2.90614349254228e-05
  3.05232302287157e-05  3.20585412711388e-05  3.36710642765568e-05
  3.53646812317240e-05  3.71434692164739e-05  3.90117102019617e-05
  4.09739013407132e-05  4.30347657726556e-05  4.51992639736458e-05
  4.74726056728262e-05  4.98602623681788e-05  5.23679804694695e-05
  5.50017951005428e-05  5.77680445936361e-05  6.06733857106076e-05
  6.37248096271366e-05  6.69296587185847e-05  7.02956441868522e-05
  7.38308645714282e-05  7.75438251874456e-05  8.14434585385916e-05
  8.55391457523392e-05  8.98407390895325e-05  9.43585855814644e-05
  9.91035518512288e-05  1.04087050177982e-04  1.09321065867076e-04
  1.14818185989978e-04  1.20591629564307e-04  1.26655279243487e-04
  1.33023714593925e-04  1.39712247036767e-04  1.46736956538880e-04
  1.54114730139365e-04  1.61863302403901e-04  1.70001297902132e-04
  1.78548275810444e-04  1.87524776743997e-04  1.96952371931679e-04
  2.06853714848134e-04  2.17252595427444e-04  2.28173996985398e-04
  2.39644155986745e-04  2.51690624796899e-04  2.64342337570000e-04
  2.77629679424511e-04  2.91584559075775e-04  3.06240485091443e-04
  3.21632645954816e-04  3.37797994121891e-04  3.54775334272541e-04
  3.72605415962609e-04  3.91331030897290e-04  4.10997115052097e-04
  4.31650855886542e-04  4.53341804896307e-04  4.76121995777054e-04
  5.00046068468982e-04  5.25171399381113e-04  5.51558238095752e-04
  5.79269850877221e-04  6.08372671318891e-04  6.38936458484775e-04
  6.71034462910867e-04  7.04743600862496e-04  7.40144637243795e-04
  7.77322377600821e-04  8.16365869651662e-04  8.57368614826337e-04
  9.00428790300367e-04  9.45649482044586e-04  9.93138929429074e-04
  1.04301078195519e-03  1.09538436870313e-03  1.15038498113327e-03
  1.20814416987751e-03  1.26880005623169e-03  1.33249765904420e-03
  1.39938923777757e-03  1.46963465251907e-03  1.54340174177968e-03
  1.62086671894386e-03  1.70221458829096e-03  1.78763958152890e-03
  1.87734561586237e-03  1.97154677461889e-03  2.07046781155803e-03
  2.17434467999419e-03  2.28342508795591e-03  2.39796908063096e-03
  2.51824965144335e-03  2.64455338311550e-03  2.77718112021823e-03
  2.91644867467044e-03  3.06268756584353e-03  3.21624579688925e-03
  3.37748866907402e-03  3.54679963592883e-03  3.72458119914664e-03
  3.91125584821283e-03  4.10726704590041e-03  4.31308026177881e-03
  4.52918405610647e-03  4.75609121642599e-03  4.99433994947230e-03
  5.24449513094930e-03  5.50714961598816e-03  5.78292561313518e-03
  6.07247612491145e-03  6.37648645806316e-03  6.69567580685460e-03
  7.03079891276754e-03  7.38264780433169e-03  7.75205362070146e-03
  8.13988852307424e-03  8.54706769792752e-03  8.97455145647003e-03
  9.42334743473639e-03  9.89451289906047e-03  1.03891571617648e-02
  1.09084441122735e-02  1.14535948688418e-02  1.20258905566832e-02
  1.26266752180439e-02  1.32573588605685e-02  1.39194206500457e-02
  1.46144122543047e-02  1.53439613450393e-02  1.61097752648135e-02
  1.69136448666235e-02  1.77574485339712e-02  1.86431563893168e-02
  1.95728346997267e-02  2.05486504880656e-02  2.15728763593734e-02
  2.26478955515523e-02  2.37762072205817e-02  2.49604319703966e-02
  2.62033176382997e-02  2.75077453468752e-02  2.88767358342842e-02
  3.03134560745627e-02  3.18212262009250e-02  3.34035267445384e-02
  3.50640062026458e-02  3.68064889496813e-02  3.86349835061419e-02
  4.05536911797851e-02  4.25670150953553e-02  4.46795696279359e-02
  4.68961902577525e-02  4.92219438624157e-02  5.16621394653834e-02
  5.42223394583061e-02  5.69083713166233e-02  5.97263398276475e-02
  6.26826398516971e-02  6.57839696363900e-02  6.90373447064604e-02
  7.24501123496432e-02  7.60299667230158e-02  7.97849646010964e-02
  8.37235417911155e-02  8.78545302386665e-02  9.21871758494105e-02
  9.67311570517845e-02  1.01496604127489e-01  1.06494119335167e-01
  1.11734797856092e-01  1.17230249586812e-01  1.22992621809897e-01
  1.29034622767703e-01  1.35369546170682e-01  1.42011296667041e-01
  1.48974416304117e-01  1.56274112009697e-01  1.63926284123828e-01
  1.71947556008270e-01  1.80355304765842e-01  1.89167693093850e-01
  1.98403702305849e-01  2.08083166543553e-01  2.18226808211394e-01
  2.28856274656390e-01  2.39994176121062e-01  2.51664124991804e-01
  2.63890776367853e-01  2.76699869968227e-01  2.90118273401635e-01
  3.04174026808022e-01  3.18896388896860e-01  3.34315884382882e-01
  3.50464352837413e-01  3.67374998953537e-01  3.85082444230536e-01
  4.03622780071074e-01  4.23033622287447e-01  4.43354166996652e-01
  4.64625247895588e-01  4.86889394875460e-01  5.10190893961865e-01
  5.34575848519999e-01  5.60092241693482e-01  5.86790000006412e-01
  6.14721058068455e-01  6.43939424298280e-01  6.74501247582907e-01
  7.06464884757506e-01  7.39890968808345e-01  7.74842477639946e-01
  8.11384803294578e-01  8.49585821423682e-01  8.89515960860978e-01
  9.31248273073470e-01  9.74858501282535e-01  1.02042514900023e+00
  1.06802954772779e+00  1.11775592350101e+00  1.16969146199853e+00
  1.22392637181523e+00  1.28055394558753e+00  1.33967061849533e+00
  1.40137602375651e+00  1.46577304459615e+00  1.53296786220266e+00
  1.60306999909897e+00  1.67619235736247e+00  1.75245125101782e+00
  1.83196643198706e+00  1.91486110878130e+00  2.00126195727690e+00
  2.09129912263447e+00  2.18510621159234e+00  2.28282027413613e+00
  2.38458177361254e+00  2.49053454421874e+00  2.60082573482588e+00
  2.71560573791719e+00  2.83502810255134e+00  2.95924942992840e+00
  3.08842925044551e+00  3.22272988065493e+00  3.36231625887814e+00
  3.50735575785950e+00  3.65801797301026e+00  3.81447448458003e+00
  3.97689859222626e+00  4.14546502015386e+00  4.32034959132576e+00
  4.50172886871600e+00  4.68977976217641e+00  4.88467909878039e+00
  5.08660315515982e+00  5.29572714978313e+00  5.51222469366880e+00
  5.73626719741098e+00  5.96802323333279e+00  6.20765785049976e+00
  6.45533184162749e+00  6.71120095992644e+00  6.97541508488223e+00
  7.24811733544194e+00  7.52944313001516e+00  7.81951919175363e+00
  8.11846249948663e+00  8.42637918277115e+00  8.74336336220693e+00
  9.06949593430897e+00  9.40484330229522e+00  9.74945605342904e+00
  1.01033675848339e+01  1.04665926793501e+01  1.08391260347619e+01
  1.12209407486353e+01  1.16119867639489e+01  1.20121892785914e+01
  1.24214471256531e+01  1.28396311293535e+01  1.32665824447861e+01
  1.37021108883849e+01  1.41459932695727e+01  1.45979717314711e+01
  1.50577521146308e+01  1.55250023526591e+01  1.59993509164315e+01
  1.64803853186529e+01  1.69676506966054e+01  1.74606484886434e+01
  1.79588352238523e+01  1.84616214429725e+01  1.89683707729590e+01
  1.94783991746952e+01  1.99909743899477e+01  2.05053156070367e+01
  2.10205933756255e+01  2.15359297904667e+01  2.20503989755068e+01
  2.25630278911949e+01  2.30727974955353e+01  2.35786442817704e+01
  2.40794622257089e+01  2.45741051607652e+01  2.50613896160813e+01
  2.55400981322529e+01  2.60089830854509e+01  2.64667710344897e+01
  2.69121676139840e+01  2.73438629823112e+01  2.77605378447441e+01
  2.81608700467681e+01  2.85435417542077e+01  2.89072472032701e+01
  2.92507010229465e+01  2.95726471058380e+01  2.98718680113862e+01
  3.01471948627917e+01  3.03975177094277e+01  3.06217962922353e+01
  3.08190711704441e+01  3.09884751266673e+01  3.11292447844899e+01
  3.12407323411379e+01  3.13224173231159e+01  3.13739182461749e+01
  3.13950040701451e+01  3.13856053033808e+01  3.13458246309699e+01
  3.12759469027479e+01  3.11764483337331e+01  3.10480047412020e+01
  3.08914986598637e+01  3.07080251414511e+01  3.04988960848857e+01
  3.02656428923687e+01  3.00100173015543e+01  2.97339902030825e+01
  2.94397482960809e+01  2.91296884173907e+01  2.88064094230576e+01
  2.84727014822524e+01  2.81315327117182e+01  2.77860330494895e+01
  2.74394753502463e+01  2.70952536688792e+01  2.67568587707646e+01
  2.64278509176910e+01  2.61118300475242e+01  2.58124034746983e+01
  2.55331513274044e+01  2.52775899385764e+01  2.50491334964575e+01
  2.48510542783552e+01  2.46864418568817e+01  2.45581617041671e+01
  2.44688136643648e+01  2.44206908089935e+01  2.44157392167390e+01
  2.44555192559292e+01  2.45411689695715e+01  2.46733701762827e+01
  2.48523179135980e+01  2.50776938456286e+01  2.53486442486457e+01
  2.56637631656303e+01  2.60210812952174e+01  2.64180611230296e+01
  2.68515987764676e+01  2.73180329806993e+01  2.78131614582415e+01
  2.83322649906321e+01  2.88701392898877e+01  2.94211347020408e+01
  2.99792036654254e+01  3.05379557070440e+01  3.10907196563467e+01
  3.16306126005265e+01  3.21506149957168e+01  3.26436512067291e+01
  3.31026746189001e+01  3.35207563572745e+01  3.38911765175693e+01
  3.42075167210196e+01  3.44637527173799e+01  3.46543456664611e+01
  3.47743306993852e+01  3.48194012916864e+01  3.47859879867842e+01
  3.46713299991826e+01  3.44735382662517e+01  3.41916485636492e+01
  3.38256633994440e+01  3.33765814854946e+01  3.28464137595993e+01
  3.22381850564093e+01  3.15559207565596e+01  3.08046179321995e+01
  2.99902007693135e+01  2.91194602974810e+01  2.81999787552817e+01
  2.72400391936685e+01  2.62485212542786e+01  2.52347843391103e+01
  2.42085397197324e+01  2.31797134119563e+01  2.21583019326526e+01
  2.11542232883586e+01  2.01771657846582e+01  1.92364373743943e+01
  1.83408184179657e+01  1.74984207409719e+01  1.67165558779420e+01
  1.60016152905696e+01  1.53589651737338e+01  1.47928582304957e+01
  1.43063644678468e+01  1.39013227057932e+01  1.35783140383881e+01
  1.33366580452428e+01  1.31744320318792e+01  1.30885130873639e+01
  1.30746422362873e+01  1.31275094719909e+01  1.32408579879120e+01
  1.34076054847183e+01  1.36199800322093e+01  1.38696676156886e+01
  1.41479682051537e+01  1.44459569681688e+01  1.47546471073968e+01
  1.50651507588658e+01  1.53688344363801e+01  1.56574656597006e+01
  1.59233476546747e+01  1.61594393566350e+01  1.63594583747107e+01
  1.65179650674900e+01  1.66304264228179e+01  1.66932590063190e+01
  1.67038508206243e+01  1.66605624847745e+01  1.65627086701850e+01
  1.64105212125728e+01  1.62050957272595e+01  1.59483238918173e+01
  1.56428138057094e+01  1.52918009979887e+01  1.48990527226707e+01
  1.44687681720125e+01  1.40054771442235e+01  1.35139395501878e+01
  1.29990479278575e+01  1.24657348796816e+01  1.19188870626335e+01
  1.13632670529918e+01  1.08034441010094e+01  1.02437344782317e+01
  9.68815182812481e+00  9.14036765291685e+00  8.60368181986244e+00
  8.08100274823257e+00  7.57483675126358e+00  7.08728584924935e+00
  6.62005324806268e+00  6.17445559108497e+00  5.75144102789035e+00
  5.35161211979557e+00  4.97525259454208e+00  4.62235698534336e+00
  4.29266222915535e+00  3.98568035783459e+00  3.70073148781494e+00
  3.43697639750999e+00  3.19344807270101e+00  2.96908169629257e+00
  2.76274265682407e+00  2.57325224747293e+00  2.39941082162060e+00
  2.24001825941307e+00  2.09389168291895e+00  1.95988042824083e+00
  1.83687834929107e+00  1.72383357815307e+00  1.61975591134516e+00
  1.52372202193737e+00  1.43487871939460e+00  1.35244449148485e+00
  1.27570956613510e+00  1.20403472806765e+00  1.13684911557069e+00
  1.07364720869888e+00  1.01398520272589e+00  9.57476940622003e-01
  9.03789557374536e-01  8.52638967000626e-01  8.03785302571905e-01
  7.57028398651829e-01  7.12203387748348e-01  6.69176464940098e-01
  6.27840860585632e-01  5.88113048276190e-01  5.49929204861935e-01
  5.13241931110992e-01  4.78017235131300e-01  4.44231776046292e-01
  4.11870362239872e-01  3.80923696455609e-01  3.51386359188949e-01
  3.23255021301598e-01  2.96526877139211e-01  2.71198289777973e-01
  2.47263640458946e-01  2.24714374772975e-01  2.03538238219738e-01
  1.83718693757047e-01  1.65234513532828e-01  1.48059536232364e-01
  1.32162580518393e-01  1.17507503737538e-01  1.04053393695887e-01
  9.17548798463350e-02  8.05625487231618e-02  7.04234473307741e-02
  6.12816569263513e-02  5.30789190780241e-02  4.57552954560037e-02
  3.92498429531356e-02  3.35012862974858e-02  2.84486713805059e-02
  2.40319840135429e-02  2.01927207276773e-02  1.68744004514655e-02
  1.40230083702756e-02  1.15873658784861e-02  9.51942318529798e-03
  7.77447371783159e-03  6.31129188763829e-03  5.09219795771319e-03
  4.08305560220695e-03  3.25320923301894e-03  2.57536925204355e-03
  2.02545406191956e-03  1.58239794631111e-03  1.22793384266071e-03
  9.46359619767035e-04  7.24295797770489e-04  5.50441770329509e-04
  4.15336573925272e-04  3.11129161244916e-04  2.31362032600269e-04
  1.70771012632847e-04  1.25102970047454e-04  9.09523967020394e-05
  6.56170088950256e-05  4.69719180271891e-05  3.33614412214013e-05
  2.35072780787022e-05  1.64315565425326e-05  1.13931320792844e-05
  7.83549335380079e-06  5.34466540724703e-06  3.61559012839157e-06
  2.42558827665930e-06  1.61365194751271e-06  1.06447083758931e-06
  6.96249831211561e-07  4.51522743101693e-07  2.90303191519923e-07
  1.85034989354842e-07  1.16910838330250e-07  7.32182016684197e-08
  4.54470480011494e-08  2.79554422947758e-08  1.70390361590671e-08
  1.02890470725607e-08  6.15433236893784e-09  3.64562468567308e-09
  2.13821349185784e-09  1.24135250438918e-09  7.13168170127222e-10
  4.05298098696995e-10  2.27779828164364e-10  1.26537372477595e-10
  6.94565648860959e-11  3.76552420068807e-11  2.01538767444729e-11
  1.06439827324128e-11  5.54429275567287e-12  2.84683523764642e-12
  1.44020768768004e-12  7.17468276596063e-13  3.51770757087989e-13
  1.69651389609219e-13  8.04369475972109e-14  3.74725495436477e-14
  1.71428156311919e-14  7.69689304142247e-15  3.38972484189293e-15
  1.46345234777119e-15  6.19018035368025e-16  2.56379993828877e-16
  1.03911922804553e-16  4.11876116867474e-17  1.59575258580732e-17
  6.04209417513944e-18  2.23338868347000e-18  8.05430141053432e-19
  2.83218516300025e-19  9.70587458056685e-20  3.24123971796612e-20
  1.05586779395596e-20  3.34912730572325e-21  1.03190508079945e-21
  3.08611447064062e-22  8.95198018099930e-23  2.51665518767558e-23
  6.85141663708165e-24  1.80482526648669e-24
  2.48760273738328e-24  2.83795082008993e-24  3.23762550761966e-24
  3.69356898386813e-24  4.21370004608996e-24  4.80705141797859e-24
  5.48392635686447e-24  6.25607726395876e-24  7.13690938657139e-24
  8.14171313435869e-24  9.28792902583110e-24  1.05954498440842e-23
  1.20869652229892e-23  1.37883546167227e-23  1.57291354399203e-23
  1.79429741167322e-23  2.04682688612338e-23  2.33488142475037e-23
  2.66345590363159e-23  3.03824703312375e-23  3.46575189669902e-23
  3.95338031192032e-23  4.50958295021854e-23  5.14399742313153e-23
  5.86761485150047e-23  6.69296978611301e-23  7.63435674937589e-23
  8.70807712476886e-23  9.93272064168734e-23  1.13294862969311e-22
  1.29225482304484e-22  1.47394728436738e-22  1.68116943269512e-22
  1.91750567630584e-22  2.18704321138252e-22  2.49444246954592e-22
  2.84501742278911e-22  3.24482712287294e-22  3.70078004426462e-22
  4.22075301839482e-22  4.81372679614060e-22  5.48994055918852e-22
  6.26106802411919e-22  7.14041815111524e-22  8.14316388839531e-22
  9.28660286080681e-22  1.05904544546441e-21  1.20771983696997e-21
  1.37724604143820e-21  1.57054521221708e-21  1.79094716813035e-21
  2.04224747096524e-21  2.32877245908484e-21  2.65545334354198e-21
  3.02791062649894e-21  3.45255027636258e-21  3.93667329278623e-21
  4.48860052085608e-21  5.11781483115620e-21  5.83512307527838e-21
  6.65284055957057e-21  7.58500115907714e-21  8.64759662492649e-21
  9.85884912915331e-21  1.12395216490578e-20  1.28132714281051e-20
  1.46070524724092e-20  1.66515738630186e-20  1.89818215980049e-20
  2.16376527401739e-20  2.46644718534066e-20  2.81140010831888e-20
  3.20451567970092e-20  3.65250474738623e-20  4.16301095477115e-20
  4.74474002005830e-20  5.40760687041041e-20  6.16290308662414e-20
  7.02348745004517e-20  8.00400276524098e-20  9.12112256559087e-20
  1.03938318015296e-19  1.18437461705567e-19  1.34954753833541e-19
  1.53770363815713e-19  1.75203233417235e-19  1.99616422290921e-19
  2.27423187206209e-19  2.59093895131160e-19  2.95163883918027e-19
  3.36242399759173e-19  3.83022758069849e-19  4.36293894292808e-19
  4.96953493621268e-19  5.66022914152421e-19  6.44664146917335e-19
  7.34199089033421e-19  8.36131443408008e-19  9.52171600563030e-19
  1.08426490590642e-18  1.23462376988481e-18  1.40576413975243e-18
  1.60054692112372e-18  1.82222501611265e-18  2.07449673390377e-18
  2.36156643040696e-18  2.68821334776065e-18  3.05986975359547e-18
  3.48270962611044e-18  3.96374929635587e-18  4.51096164614242e-18
  5.13340567152758e-18  5.84137346100196e-18  6.64655690792778e-18
  7.56223678241635e-18  8.60349713327850e-18  9.78746838097011e-18
  1.11336029033799e-17  1.26639874142857e-17  1.44036969966742e-17
  1.63811962879727e-17  1.86287940309048e-17  2.11831580123722e-17
  2.40858983253019e-17  2.73842279175859e-17  3.11317105532458e-17
  3.53891076196248e-17  4.02253366901003e-17  4.57185564145820e-17
  5.19573941838884e-17  5.90423351248078e-17  6.70872933600834e-17
  7.62213891440737e-17  8.65909584986592e-17  9.83618253646757e-17
  1.11721870100826e-16  1.26883932453879e-16  1.44089091952103e-16
  1.63610374101369e-16  1.85756936865465e-16  2.10878798767820e-16
  2.39372177657667e-16  2.71685517834374e-16  3.08326292943703e-16
  3.49868682967032e-16  3.96962235870467e-16  4.50341638220453e-16
  5.10837734485457e-16  5.79389952033013e-16  6.57060308208925e-16
  7.45049197624219e-16  8.44713182110691e-16  9.57585033105639e-16
  1.08539630677055e-15  1.23010276638058e-15  1.39391300482898e-15
  1.57932066297948e-15  1.78914068757449e-15  2.02655012611310e-15
  2.29513401611645e-15  2.59893699338768e-15  2.94252131886924e-15
  3.33103210763432e-15  3.77027063724022e-15  4.26677671740451e-15
  4.82792121986328e-15  5.46200999792638e-15  6.17840057087826e-15
  6.98763311123456e-15  7.90157745422956e-15  8.93359805156813e-15
  1.00987390173045e-14  1.14139316656136e-14  1.28982272211455e-14
  1.45730576955351e-14  1.64625282729562e-14  1.85937449356747e-14
  2.09971814946885e-14  2.37070906718682e-14  2.67619644182850e-14
  3.02050492510155e-14  3.40849230571612e-14  3.84561405548193e-14
  4.33799554265410e-14  4.89251280580744e-14  5.51688288379144e-14
  6.21976481087242e-14  7.01087251270960e-14  7.90110097923040e-14
  8.90266724717634e-14  1.00292678984901e-13  1.12962549745821e-13
  1.27208324209644e-13  1.43222754159808e-13  1.61221752027494e-13
  1.81447123387778e-13  2.04169616054548e-13  2.29692321847760e-13
  2.58354471148437e-13  2.90535664871300e-13  3.26660593473413e-13
  3.67204298187672e-13  4.12698035836722e-13  4.63735815451715e-13
  5.20981682534322e-13  5.85177835289819e-13  6.57153666541332e-13
  7.37835835530551e-13  8.28259485392474e-13  9.29580735032539e-13
  1.04309058846698e-12  1.17023042063436e-12  1.31260921641656e-12
  1.47202275927219e-12  1.65047498784475e-12  1.85020176312332e-12
  2.07369731595523e-12  2.32374367460686e-12  2.60344340567786e-12
  2.91625603877255e-12  3.26603858676982e-12  3.65709061951415e-12
  4.09420440006075e-12  4.58272064947921e-12  5.12859056981545e-12
  5.73844482531566e-12  6.41967026081267e-12  7.18049522353441e-12
  8.03008445269183e-12  8.97864460912281e-12  1.00375416396082e-11
  1.12194313044459e-11  1.25384043485770e-11  1.40101479641071e-11
  1.56521253799694e-11  1.74837756238372e-11  1.95267357353832e-11
  2.18050879710935e-11  2.43456348332255e-11  2.71782050808339e-11
  3.03359942479748e-11  3.38559435988660e-11  3.77791619116672e-11
  4.21513949890977e-11  4.70235483715615e-11  5.24522693681878e-11
  5.85005952424671e-11  6.52386751967247e-11  7.27445747061886e-11
  8.11051717714129e-11  9.04171558007747e-11  1.00788141120322e-10
  1.12337908551766e-10  1.25199790127603e-10  1.39522213836299e-10
  1.55470427359882e-10  1.73228422075644e-10  1.93001081223466e-10
  2.15016579081491e-10  2.39529061330729e-10  2.66821640548125e-10
  2.97209745016219e-10  3.31044863844103e-10  3.68718736819575e-10
  4.10668043570193e-10  4.57379653552541e-10  5.09396506289964e-10
  5.67324200192723e-10  6.31838378433504e-10  7.03693011834444e-10
  7.83729691758805e-10  8.72888060806686e-10  9.72217525929325e-10
  1.08289041769793e-09  1.20621678118024e-09  1.34366100861631e-09
  1.49686055221221e-09  1.66764698739179e-09  1.85806973333118e-09
  2.07042277919380e-09  2.30727481175411e-09  2.57150319428316e-09
  2.86633230796788e-09  3.19537683759919e-09  3.56269066337039e-09
  3.97282211227308e-09  4.43087642702111e-09  4.94258643012564e-09
  5.51439249694498e-09  6.15353310748338e-09  6.86814742553150e-09
  7.66739155622923e-09  8.56157036785325e-09  9.56228702849797e-09
  1.06826127139207e-08  1.19372792916176e-08  1.33428981839888e-08
  1.49182090710058e-08  1.66843626140260e-08  1.86652419793629e-08
  2.08878286272267e-08  2.33826186066506e-08  2.61840965023824e-08
  2.93312751946735e-08  3.28683107708923e-08  3.68452032694434e-08
  4.13185954662862e-08  4.63526836802307e-08  5.20202565664873e-08
  5.84038801919044e-08  6.55972502802275e-08  7.37067355546576e-08
  8.28531395263188e-08  9.31737120001294e-08  1.04824446081119e-07
  1.17982701599067e-07  1.32850201682279e-07  1.49656456030882e-07
  1.68662671926659e-07  1.90166222930313e-07  2.14505755043911e-07
  2.42067021593864e-07  2.73289551020983e-07  3.08674266577933e-07
  3.48792193882209e-07  3.94294411288155e-07  4.45923420344120e-07
  5.04526138041458e-07  5.71068741425086e-07  6.46653627180091e-07
  7.32538785546722e-07  8.30159929813717e-07  9.41155770052819e-07
  1.06739687338996e-06  1.21101861486494e-06  1.37445879136669e-06
  1.56050055085543e-06  1.77232137727133e-06  2.01354897293381e-06
  2.28832499430903e-06  2.60137772638534e-06  2.95810492561320e-06
  3.36466822914121e-06  3.82810070920584e-06  4.35642936762537e-06
  4.95881459465628e-06  5.64570888931361e-06  6.42903743184624e-06
  7.32240343977678e-06  8.34132161429391e-06  9.50348340662832e-06
  1.08290583157421e-05  1.23410359453590e-05  1.40656141676157e-05
  1.60326393741980e-05  1.82761055680655e-05  2.08347198522179e-05
  2.37525428048982e-05  2.70797132473023e-05  3.08732680540308e-05
  3.51980689019019e-05  4.01278492648349e-05  4.57463964894163e-05
  5.21488854946852e-05  5.94433825152860e-05  6.77525393656405e-05
  7.72155009716707e-05  8.79900513888703e-05  1.00255026264230e-04
  1.14213022603418e-04  1.30093440042570e-04  1.48155891147625e-04
  1.68694022272849e-04  1.92039790416815e-04  2.18568246051515e-04
  2.48702876594843e-04  2.82921570331173e-04  3.21763265780032e-04
  3.65835357773084e-04  4.15821936735900e-04  4.72492945161175e-04
  5.36714340832027e-04  6.09459364250033e-04  6.91821014362605e-04
  7.85025844294635e-04  8.90449196398691e-04  1.00963200297161e-03
  1.14429928783155e-03  1.29638050880809e-03  1.46803189184132e-03
  1.66166090987834e-03  1.87995306935813e-03  2.12590116956057e-03
  2.40283720568426e-03  2.71446708756116e-03  3.06490834896626e-03
  3.45873101847995e-03  3.90100182180283e-03  4.39733187756933e-03
  4.95392803867103e-03  5.57764801894259e-03  6.27605942555893e-03
  7.05750279589342e-03  7.93115870847506e-03  8.90711900553008e-03
  9.99646211963750e-03  1.12113324585026e-02  1.25650237296530e-02
  1.40720660470300e-02  1.57483165621049e-02  1.76110533038674e-02
  1.96790718043275e-02  2.19727839911447e-02  2.45143187171638e-02
  2.73276231641188e-02  3.04385642438307e-02  3.38750289420695e-02
  3.76670224338864e-02  4.18467625959110e-02  4.64487693873804e-02
  5.15099473886351e-02  5.70696595644326e-02  6.31697901761139e-02
  6.98547944896991e-02  7.71717328182893e-02  8.51702861225967e-02
  9.39027503505726e-02  1.03424006313192e-01  1.13791461964501e-01
  1.25064963584256e-01  1.37306672394445e-01  1.50580903034704e-01
  1.64953920201716e-01  1.80493689943679e-01  1.97269581983692e-01
  2.15352019878992e-01  2.34812075720351e-01  2.55721006864826e-01
  2.78149732234346e-01  3.02168246594229e-01  3.27844971861227e-01
  3.55246045204479e-01  3.84434544932073e-01  4.15469656035528e-01
  4.48405778657027e-01  4.83291584055798e-01  5.20169024027830e-01
  5.59072301353593e-01  6.00026810244327e-01  6.43048057321382e-01
  6.88140575079505e-01  7.35296841115278e-01  7.84496217301067e-01
  8.35703924573190e-01  8.88870068850865e-01  9.43928735031654e-01
  1.00079716555990e+00  1.05937504073477e+00  1.11954387810702e+00
  1.18116656854694e+00  1.24408706752448e+00  1.30813026085156e+00
  1.37310202553021e+00  1.43878950748627e+00  1.50496163881471e+00
  1.57136991709047e+00  1.63774946780163e+00  1.70382040747893e+00
  1.76928951950269e+00  1.83385224706028e+00  1.89719499808548e+00
  1.95899774681638e+00  2.01893690528764e+00  2.07668842761797e+00
  2.13193109944016e+00  2.18434995706585e+00  2.23363977266854e+00
  2.27950853838014e+00  2.32168087800845e+00  2.35990131555925e+00
  2.39393733159692e+00  2.42358214203563e+00  2.44865714123098e+00
  2.46901395858926e+00  2.48453608824153e+00  2.49514006207105e+00
  2.50077614811826e+00  2.50142856851970e+00  2.49711524299914e+00
  2.48788707529572e+00  2.47382681030663e+00  2.45504749905803e+00
  2.43169061544161e+00  2.40392387569365e+00  2.37193881402640e+00
  2.33594817131513e+00  2.29618315293351e+00  2.25289061114512e+00
  2.20633020419290e+00  2.15677158036304e+00  2.10449163011010e+00
  2.04977184365222e+00  1.99289580528465e+00  1.93414684933104e+00
  1.87380589651886e+00  1.81214948358855e+00  1.74944799369620e+00
  1.68596408974418e+00  1.62195134993461e+00  1.55765309926305e+00
  1.49330143037149e+00  1.42911640288781e+00  1.36530541049499e+00
  1.30206270328339e+00  1.23956905270184e+00  1.17799154651661e+00
  1.11748350119869e+00  1.05818447978808e+00  1.00022040377945e+00
  9.43703748234427e-01  8.88733810080086e-01  8.35397040170753e-01
  7.83767430476697e-01  7.33906948358666e-01  6.85866010608177e-01
  6.39683990476434e-01  5.95389751761211e-01  5.53002204013475e-01
  5.12530874352332e-01  4.73976490748275e-01  4.37331573014641e-01
  4.02581027369280e-01  3.69702741054038e-01  3.38668173675974e-01
  3.09442942034971e-01  2.81987395574155e-01  2.56257179683885e-01
  2.32203784398123e-01  2.09775076295155e-01  1.88915811676447e-01
  1.69568129355113e-01  1.51672021945701e-01  1.35165784324474e-01
  1.19986438943714e-01  1.06070137165817e-01  9.33525366622503e-02
  8.17691547113612e-02  7.12556975551313e-02  6.17483661294170e-02
  5.31841384763765e-02  4.55010293424242e-02  3.86383274278415e-02
  3.25368108254937e-02  2.71389411854857e-02  2.23890371197569e-02
  1.82334273890655e-02  1.46205842886278e-02  1.15012377409052e-02
  8.82847047193165e-03  6.55779466355661e-03  4.64721043629806e-03
  3.05724651673325e-03  1.75098344125367e-03  6.94059682192626e-04
 -1.45338881537244e-04 -7.96505643074756e-04 -1.28625551445104e-03
 -1.63898203714543e-03 -1.87672849922287e-03 -2.01927214010994e-03
 -2.08422025435984e-03 -2.08711694544828e-03 -2.04155909868159e-03
 -1.95932001484358e-03 -1.85047903947958e-03 -1.72355543982721e-03
 -1.58564473515215e-03 -1.44255567938377e-03 -1.29894612832482e-03
 -1.15845609974077e-03 -1.02383645281866e-03 -8.97071766972971e-04
 -7.79496188370428e-04 -6.71901225136073e-04 -5.74634703186100e-04
 -4.87690335054865e-04 -4.10787594785299e-04 -3.43441824788453e-04
 -2.85024717388647e-04 -2.34815508088221e-04 -1.92043383868386e-04
 -1.55921744591690e-04 -1.25675056619733e-04 -1.00559104955676e-04
 -7.98754846855999e-05 -6.29811769276002e-05 -4.92940324957821e-05
 -3.82949425132234e-05 -2.95274140841432e-05 -2.25951958307561e-05
 -1.71585173770651e-05 -1.29294231058369e-05 -9.66659753959960e-06
 -7.17000050677116e-06 -5.27555741150165e-06 -3.85008476951907e-06
 -2.78657493963679e-06 -1.99991683562370e-06 -1.42309113075833e-06
 -1.00384885879087e-06 -7.01860025203345e-07 -4.86303468485981e-07
 -3.33859233799290e-07 -2.27059347344782e-07 -1.52951038488633e-07
 -1.02027169259768e-07 -6.73812605187945e-08 -4.40481776076935e-08
 -2.84960140917515e-08 -1.82391820391580e-08 -1.15474417656803e-08
 -7.22960870401699e-09 -4.47485542757828e-09 -2.73752589090079e-09
 -1.65475650399595e-09 -9.88031014246819e-10 -5.82577098342301e-10
 -3.39093859728763e-10 -1.94786646998698e-10 -1.10381834364935e-10
 -6.16871521134294e-11 -3.39871733790185e-11 -1.84545853097696e-11
 -9.87188823069696e-12 -5.20039366516825e-12 -2.69675266038696e-12
 -1.37606575102118e-12 -6.90637323558199e-13 -3.40791330157702e-13
 -1.65258822535970e-13 -7.87197165402989e-14 -3.68167280870623e-14
 -1.68983608077400e-14 -7.60801341137161e-15 -3.35822374214041e-15
 -1.45257569335179e-15 -6.15361924667753e-16 -2.55184357137663e-16
 -1.03532085974242e-16 -4.10703910504919e-17 -1.59224101761319e-17
 -6.03189039857243e-18 -2.23051493970784e-18 -8.04646317398522e-19
 -2.83011635997469e-19 -9.70059513086035e-20 -3.23993818244679e-20
 -1.05555809412961e-20 -3.34841665934095e-21 -1.03174797435818e-21
 -3.08578015833308e-22 -8.95129609867313e-23 -2.51652071592316e-23
 -6.85116296153837e-24 -1.80477938917693e-24
 (i6, f12.0, f18.0, f8.3, i6)
   624  60.0000000  0.02500000000000  13.000     1
 (3e22.14)
  2.02767785122473e-06  2.13114401170714e-06  2.23988934644619e-06
  2.35418318586435e-06  2.47430859863332e-06  2.60056309226674e-06
  2.73325934942604e-06  2.87272600175908e-06  3.01930844318336e-06
  3.17336968462339e-06  3.33529125231398e-06  3.50547413188750e-06
  3.68433976057905e-06  3.87233106999707e-06  4.06991358203963e-06
  4.27757656065475e-06  4.49583422230141e-06  4.72522700808140e-06
  4.96632292070575e-06  5.21971892957234e-06  5.48604244744307e-06
  5.76595288235096e-06  6.06014326857568e-06  6.36934198070571e-06
  6.69431453502435e-06  7.03586548265090e-06  7.39484039912667e-06
  7.77212797532442e-06  8.16866221487404e-06  8.58542474348508e-06
  9.02344723589266e-06  9.48381396638648e-06  9.96766448922431e-06
  1.04761964555251e-05  1.10106685735978e-05  1.15724037199770e-05
  1.21627922088621e-05  1.27832952279743e-05  1.34354484493317e-05
  1.41208658238021e-05  1.48412435688008e-05  1.55983643589239e-05
  1.63941017298681e-05  1.72304247064173e-05  1.81094026659628e-05
  1.90332104494230e-05  2.00041337322315e-05  2.10245746685181e-05
  2.20970578224166e-05  2.32242364010430e-05  2.44088988044874e-05
  2.56539755088805e-05  2.69625462994930e-05  2.83378478715526e-05
  2.97832818175565e-05  3.13024230205399e-05  3.28990284740524e-05
  3.45770465503490e-05  3.63406267396269e-05  3.81941298841298e-05
  4.01421389322567e-05  4.21894702389738e-05  4.43411854403107e-05
  4.66026039308971e-05  4.89793159752555e-05  5.14771964847871e-05
  5.41024194943011e-05  5.68614733734058e-05  5.97611768100596e-05
  6.28086956052236e-05  6.60115603198852e-05  6.93776848172487e-05
  7.29153857457720e-05  7.66334030102194e-05  8.05409212810233e-05
  8.46475925941974e-05  8.89635600970549e-05  9.34994829975096e-05
  9.82665627778852e-05  1.03276570736866e-04  1.08541876926967e-04
  1.14075480557455e-04  1.19891041937286e-04  1.26002916035057e-04
  1.32426187738087e-04  1.39176708895854e-04  1.46271137237950e-04
  1.53726977260790e-04  1.61562623182461e-04  1.69797404069413e-04
  1.78451631244854e-04  1.87546648092912e-04  1.97104882379748e-04
  2.07149901217526e-04  2.17706468804477e-04  2.28800607080058e-04
  2.40459659442138e-04  2.52712357678929e-04  2.65588892278262e-04
  2.79120986281862e-04  2.93341972863971e-04  3.08286876819444e-04
  3.23992500158031e-04  3.40497512009707e-04  3.57842543057124e-04
  3.76070284720880e-04  3.95225593335997e-04  4.15355599567492e-04
  4.36509823328122e-04  4.58740294471077e-04  4.82101679546843e-04
  5.06651414925284e-04  5.32449846600784e-04  5.59560377011548e-04
  5.88049619223996e-04  6.17987558844948e-04  6.49447724049223e-04
  6.82507364121238e-04  7.17247636936053e-04  7.53753805820344e-04
  7.92115446259008e-04  8.32426662933265e-04  8.74786317602183e-04
  9.19298268360811e-04  9.66071620839520e-04  1.01522099192815e-03
  1.06686678664792e-03  1.12113548881132e-03  1.17815996615327e-03
  1.23807979063988e-03  1.30104157470186e-03  1.36719932417060e-03
  1.43671480873710e-03  1.50975795078604e-03  1.58650723350814e-03
  1.66715012922375e-03  1.75188354890936e-03  1.84091431395236e-03
  1.93445965121859e-03  2.03274771255929e-03  2.13601811994804e-03
  2.24452253747725e-03  2.35852527152682e-03  2.47830390044571e-03
  2.60414993518616e-03  2.73636951236371e-03  2.87528412131032e-03
  3.02123136674318e-03  3.17456576875819e-03  3.33565960192395e-03
  3.50490377535061e-03  3.68270875566683e-03  3.86950553496574e-03
  4.06574664582122e-03  4.27190722563139e-03  4.48848613259004e-03
  4.71600711573588e-03  4.95502004160781e-03  5.20610218016809e-03
  5.46985955275153e-03  5.74692834495287e-03  6.03797638744355e-03
  6.34370470790412e-03  6.66484915732560e-03  7.00218211413966e-03
  7.35651426973398e-03  7.72869649910500e-03  8.11962182050750e-03
  8.53022744820476e-03  8.96149694247201e-03  9.41446246134280e-03
  9.89020711859120e-03  1.03898674527972e-02  1.09146360124096e-02
  1.14657640620053e-02  1.20445644150966e-02  1.26524143991084e-02
  1.32907589582821e-02  1.39611139006244e-02  1.46650692950547e-02
  1.54042930254086e-02  1.61805345078993e-02  1.69956285791823e-02
  1.78514995621935e-02  1.87501655173575e-02  1.96937426869214e-02
  2.06844501405624e-02  2.17246146305270e-02  2.28166756651040e-02
  2.39631908091879e-02  2.51668412213585e-02  2.64304374368581e-02
  2.77569254064242e-02  2.91493928010082e-02  3.06110755930005e-02
  3.21453649244485e-02  3.37558142737269e-02  3.54461469315485e-02
  3.72202637984808e-02  3.90822515155304e-02  4.10363909403492e-02
  4.30871659814424e-02  4.52392728033449e-02  4.74976294156863e-02
  4.98673856597874e-02  5.23539336059320e-02  5.49629183757888e-02
  5.77002494031583e-02  6.05721121481238e-02  6.35849802781796e-02
  6.67456283313486e-02  7.00611448754883e-02  7.35389461786472e-02
  7.71867904046956e-02  8.10127923493638e-02  8.50254387302129e-02
  8.92336040461641e-02  9.36465670189328e-02  9.82740276319221e-02
  1.03126124778395e-01  1.08213454532946e-01  1.13547089057925e-01
  1.19138596157036e-01  1.25000059486247e-01  1.31144099433234e-01
  1.37583894672519e-01  1.44333204406258e-01  1.51406391294872e-01
  1.58818445084270e-01  1.66585006931460e-01  1.74722394431189e-01
  1.83247627340812e-01  1.92178454003425e-01  2.01533378458820e-01
  2.11331688239405e-01  2.21593482833457e-01  2.32339702805393e-01
  2.43592159550664e-01  2.55373565664249e-01  2.67707565893524e-01
  2.80618768645222e-01  2.94132778005229e-01  3.08276226233101e-01
  3.23076806673732e-01  3.38563307039766e-01  3.54765642990609e-01
  3.71714891945780e-01  3.89443327046355e-01  4.07984451179946e-01
  4.27373030967737e-01  4.47645130609505e-01  4.68838145460202e-01
  4.90990835217960e-01  5.14143356564159e-01  5.38337295119171e-01
  5.63615696521936e-01  5.90023096466403e-01  6.17605549480695e-01
  6.46410656239715e-01  6.76487589169855e-01  7.07887116101413e-01
  7.40661621682384e-01  7.74865126282924e-01  8.10553302045438e-01
  8.47783485785059e-01  8.86614688340343e-01  9.27107600028783e-01
  9.69324591774946e-01  1.01332971149602e+00  1.05918867527448e+00
  1.10696885285093e+00  1.15673924689833e+00  1.20857046558066e+00
  1.26253468776729e+00  1.31870562038500e+00  1.37715844720186e+00
  1.43796976846066e+00  1.50121753063076e+00  1.56698094560127e+00
  1.63534039855541e+00  1.70637734379764e+00  1.78017418769551e+00
  1.85681415800718e+00  1.93638115864937e+00  2.01895960920327e+00
  2.10463426814228e+00  2.19349003903737e+00  2.28561175876264e+00
  2.38108396687250e+00  2.47999065521942e+00  2.58241499699513e+00
  2.68843905423613e+00  2.79814346309714e+00  2.91160709587129e+00
  3.02890669924558e+00  3.15011650779492e+00  3.27530783228263e+00
  3.40454862199407e+00  3.53790300077016e+00  3.67543077607894e+00
  3.81718692120477e+00  3.96322102992130e+00  4.11357674409870e+00
  4.26829115400927e+00  4.42739417193963e+00  4.59090787939963e+00
  4.75884584903623e+00  4.93121244172812e+00  5.10800208091080e+00
  5.28919850479602e+00  5.47477399930955e+00  5.66468861323915e+00
  5.85888935874023e+00  6.05730939988928e+00  6.25986723299096e+00
  6.46646586217884e+00  6.67699197517520e+00  6.89131512333764e+00
  7.10928691230816e+00  7.33074020800425e+00  7.55548836555351e+00
  7.78332448714482e+00  8.01402071716420e+00  8.24732758193648e+00
  8.48297338382677e+00  8.72066365737714e+00  8.96008069936420e+00
  9.20088318062886e+00  9.44270585288095e+00  9.68515935970631e+00
  9.92783016485802e+00  1.01702806088291e+01  1.04120491067189e+01
  1.06526504989108e+01  1.08915765682132e+01  1.11282967343585e+01
  1.13622589403141e+01  1.15928907393838e+01  1.18196005983273e+01
  1.20417794235430e+01  1.22588023236905e+01  1.24700306152590e+01
  1.26748140811143e+01  1.28724934855963e+01  1.30624033548481e+01
  1.32438750196206e+01  1.34162399274372e+01  1.35788332159125e+01
  1.37309975476366e+01  1.38720871952938e+01  1.40014723691333e+01
  1.41185437688462e+01  1.42227173468716e+01  1.43134392544062e+01
  1.43901909518196e+01  1.44524944457185e+01  1.44999176240884e+01
  1.45320796460586e+01  1.45486563465705e+01  1.45493856038225e+01
  1.45340726233259e+01  1.45025950750608e+01  1.44549080320788e+01
  1.43910486397527e+01  1.43111404555043e+01  1.42153973849698e+01
  1.41041271507851e+01  1.39777342130120e+01  1.38367220821729e+01
  1.36816949393224e+01  1.35133585078355e+01  1.33325200993655e+01
  1.31400877790084e+01  1.29370685880329e+01  1.27245657765335e+01
  1.25037750000479e+01  1.22759794505796e+01  1.20425438933951e+01
  1.18049076053753e+01  1.15645762065216e+01  1.13231124116330e+01
  1.10821257204241e+01  1.08432611020571e+01  1.06081867287372e+01
  1.03785808416091e+01  1.01561178408665e+01  9.94245371452937e+00
  9.73921092971273e+00  9.54796293254677e+00  9.37021840887948e+00
  9.20740547727790e+00  9.06085599118042e+00  8.93179013774970e+00
  8.82130152779747e+00  8.73034297144906e+00  8.65971313822766e+00
  8.61004429703832e+00  8.58179132422507e+00  8.57522216370907e+00
  8.59040990840782e+00  8.62722666037670e+00  8.68533930897393e+00
  8.76420734844342e+00  8.86308283068677e+00  8.98101253075571e+00
  9.11684236835329e+00  9.26922410830129e+00  9.43662432741455e+00
  9.61733560837684e+00  9.80948988829388e+00  1.00110738601413e+01
  1.02199462926542e+01  1.04338571072357e+01  1.06504680202100e+01
  1.08673745342288e+01  1.10821290392421e+01  1.12922647622835e+01
  1.14953202905621e+01  1.16888643773427e+01  1.18705207334234e+01
  1.20379925017016e+01  1.21890861124775e+01  1.23217342227771e+01
  1.24340174508393e+01  1.25241846320408e+01  1.25906713379404e+01
  1.26321164236710e+01  1.26473763931745e+01  1.26355373969354e+01
  1.25959247131398e+01  1.25281095889705e+01  1.24319133580179e+01
  1.23074087833037e+01  1.21549186096971e+01  1.19750113486213e+01
  1.17684943500398e+01  1.15364042538631e+01  1.12799949434971e+01
  1.10007231576602e+01  1.07002319437236e+01  1.03803321633609e+01
  1.00429822844105e+01  9.69026671213877e+00  9.32437293323640e+00
  8.94756775387780e+00  8.56217293080397e+00  8.17054049210849e+00
  7.77502805459747e+00  7.37797443837096e+00  6.98167587716664e+00
  6.58836311305475e+00  6.20017965545302e+00  5.81916146202845e+00
  5.44721829075795e+00  5.08611693820316e+00  4.73746656440926e+00
  4.40270626864495e+00  4.08309505277019e+00  3.77970427220513e+00
  3.49341264067823e+00  3.22490381097236e+00  2.97466652001551e+00
  2.74299723761565e+00  2.53000522256758e+00  2.33561984447732e+00
  2.15959999202650e+00  2.00154535131170e+00  1.86090930581343e+00
  1.73701318321450e+00  1.62906155515937e+00  1.53615828542558e+00
  1.45732302069577e+00  1.39150782661237e+00  1.33761368953439e+00
  1.29450663033178e+00  1.26103320854272e+00  1.23603523072797e+00
  1.21836351336215e+00  1.20689058517643e+00  1.20052224533075e+00
  1.19820792025101e+00  1.19894978403253e+00  1.20181062472324e+00
  1.20592045290889e+00  1.21048186061632e+00  1.21477414861092e+00
  1.21815624953652e+00  1.22006848343248e+00  1.22003319133760e+00
  1.21765430183892e+00  1.21261589473426e+00  1.20467983473824e+00
  1.19368255665391e+00  1.17953109110159e+00  1.16219842612295e+00
  1.14171830555738e+00  1.11817956840557e+00  1.09172013574357e+00
  1.06252075195010e+00  1.03079858575364e+00  9.96800793553696e-01
  9.60798142884450e-01  9.23078787820453e-01  8.83942280768355e-01
  8.43693896477031e-01  8.02639334920389e-01  7.61079859285998e-01
  7.19307914784527e-01  6.77603263155988e-01  6.36229656578718e-01
  5.95432063953755e-01  5.55434452003785e-01  5.16438113529341e-01
  4.78620525999508e-01  4.42134714991668e-01  4.07109089659413e-01
  3.73647710833244e-01  3.41830947203446e-01  3.11716470985332e-01
  2.83340541706259e-01  2.56719525340259e-01  2.31851595787498e-01
  2.08718566716350e-01  1.87287803948817e-01  1.67514171665074e-01
  1.49341969776663e-01  1.32706824521895e-01  1.17537499607465e-01
  1.03757600834689e-01  9.12871528885314e-02  8.00440327524376e-02
  6.99452496253438e-02  6.09080664777831e-02  5.28509629420453e-02
  4.56944432991712e-02  3.93616967044129e-02  3.37791194049897e-02
  2.88767106706128e-02  2.45883553813816e-02  2.08520068343943e-02
  1.76097833827616e-02  1.48079921046166e-02  1.23970919228785e-02
  1.03316075525616e-02  8.57000445040657e-03  7.07453366347295e-03
  5.81105420253011e-03  4.74883936024292e-03  3.86037229995036e-03
  3.12113528409609e-03  2.50939610468842e-03  2.00599461839054e-03
  1.59413176486952e-03  1.25916303704628e-03  9.88398054071645e-04
  7.70907635706929e-04  5.97339567944342e-04  4.59744064735878e-04
  3.51409753588641e-04  2.66710835249134e-04  2.00965883904116e-04
  1.50308564742545e-04  1.11570353384560e-04  8.21751522543238e-05
  6.00455189656720e-05  4.35200583215730e-05  3.12813878826226e-05
  2.22939727443092e-05  1.57510394750474e-05  1.10297246983011e-05
  7.65358768321706e-06  5.26161797968447e-06  3.58289337140945e-06
  2.41608731540458e-06  1.61308271644264e-06  1.06601705233541e-06
  6.97156662163462e-07  4.51073645253100e-07  2.88671705076180e-07
  1.82678015665996e-07  1.14281434538471e-07  7.06563529774234e-08
  4.31606081030986e-08  2.60409375760648e-08  1.55140415133103e-08
  9.12342685555427e-09  5.29434562151811e-09  3.03074703183036e-09
  1.71084278989584e-09  9.52051431317881e-10  5.22052917654746e-10
  2.81994727780837e-10  1.49984078879296e-10  7.85170436631033e-11
  4.04426108089621e-11  2.04877571304052e-11  1.02034072197752e-11
  4.99347088828235e-12  2.40033865607779e-12  1.13280852804809e-12
  5.24627234884316e-13  2.38312374621873e-13  1.06127949884444e-13
  4.63106746705371e-14  1.97913096841665e-14  8.27903661375193e-15
  3.38815572552324e-15  1.35570775876774e-15  5.30106385317796e-16
  2.02493683394515e-16  7.54878279436791e-17  2.74388189460546e-17
  9.71018011631387e-18  3.33458399671151e-18  1.10141538614923e-18
  3.40358848287989e-19  1.08441401963034e-19  3.35643406552420e-20
  1.00848094214748e-20  2.93925625402490e-21  8.30333815876869e-22
  2.27180151573157e-22  6.01504125623857e-23  1.53991473802601e-23
