 energy and charge average matrices
  type  L       (e_i|H|e_j)                    (e_i|e_j)       
     0  0  .054835391  .006342025        .143989122  .018225673
           .006342025 -6.07575143        .018225673  1.00242374
     0  1  .061416456  .018711326        .110278525  .035263373
           .018711326 -10.2129708        .035263373  3.00570849
     0  2  1.83301168  .056019764        2.80882780  .088458828
           .056019764  .003032370        .088458828  .009577473
     0  3  .002264674  .000178332        .003832485  .000173325
           .000178332  .000244666        .000173325  .000908249
     0  4  .000471891  .000000945        .000781225 -.000034238
           .000000945 -.000053629       -.000034238  .000153724
     0  5  .000110636 -.000003788        .000178356 -.000018103
          -.000003788 -.000038811       -.000018103  .000034553
     0  6  .000026626 -.000000636        .000044655 -.000004242
          -.000000636 -.000014964       -.000004242  .000008809
     0  7  .000007060 -.000000409        .000011718 -.000001463
          -.000000409 -.000004595       -.000001463  .000002781
     0  8  .000001743 -.000000194        .000002925 -.000000437
          -.000000194 -.000001262       -.000000437  .000000870
     1  0  .052839486  .007391739        .127267381  .019433999
           .007391739 -5.46569441        .019433999  1.00267226
     1  1  .052617837  .018565526        .091809605  .034831374
           .018565526 -8.98969147        .034831374  3.00294806
     1  2  .875371284  .054736993        1.41636093  .086340983
           .054736993  .003905713        .086340983  .012086768
     1  3  .005240689  .000129690        .007873013  .000160622
           .000129690  .000140152        .000160622  .000800427
     1  4  .001015494 -.000012599        .001559052 -.000058488
          -.000012599 -.000118845       -.000058488  .000129186
     1  5  .000245530 -.000016166        .000381871 -.000040258
          -.000016166 -.000057845       -.000040258  .000038984
     1  6  .000051664 -.000001030        .000086484 -.000008105
          -.000001030 -.000022368       -.000008105  .000011621
     1  7  .000021318 -.000000357        .000032512 -.000001951
          -.000000357 -.000007067       -.000001951  .000003470
     1  8  .000004478 -.000000218        .000007080 -.000000580
          -.000000218 -.000001934       -.000000580  .000001177
     2  0  .031810481  .012356027        .100246165  .044843304
           .012356027  .007604286        .044843304  .026432601
     2  1  .073649806  .023124438        .135662338  .044785941
           .023124438  .010255541        .044785941  .020340711
     2  2  .021365473  .004236425        .033632746  .006805451
           .004236425  .001748059        .006805451  .003141763
     2  3  .001590711  .000172035        .002476488  .000229707
           .000172035  .000166666        .000229707  .000437725
     2  4  .000299884  .000001966        .000473794 -.000015513
           .000001966 -.000005894       -.000015513  .000078032
     2  5  .000068347 -.000001717        .000106094 -.000007108
          -.000001717 -.000010860       -.000007108  .000012075
     2  6  .000014817 -.000000303        .000023559 -.000001792
          -.000000303 -.000003912       -.000001792  .000002400
     2  7  .000003153 -.000000142        .000005095 -.000000507
          -.000000142 -.000001046       -.000000507  .000000576
     2  8  .000000759 -.000000023        .000001165 -.000000069
          -.000000023 -.000000258       -.000000069  .000000122
