#-------------------------------------------------------------------------------
 start rspt
 Initialized constants. Machine eps = 2.2204460493e-16 
 fft column major dimensions:
       normal fft: 32 32 32, size = 32768
        super fft: 64 64 64, size = 262144
 mbases (matrix dimension mod spin) = 112
 mbasis set
 matrix dimension is 224
 initfft: start
 initfft: fft_ncmdim: 32 32 32 ... fft_scmdim: 64 64 64
 initfft: nrmdim: 32 32 32 ... srmdim: 64 64 64
 fftw_fft_init: wisdom read from rspt_fft_wisdom.0
 initfft: 
 (Tail,Energy) parameter set
     p     t     e
     1     1     1
     2     2     1
     3     3     1
     4     1     2
     5     2     2
 spin axis =  .000000000  .000000000  .000000000 absolute
 spin axis euler angles: alpha =  .000000000 beta =  .000000000 gamma =  .000000000
 eset 0
  L  T  S  n  f                 E
  0  1 -1  4 20  2.53829965134292
  1  1 -1  4 21  3.33204172275362
  2  1 -1  3  0  .651459616705200
  3  1 -1  4  0  .620763716310370
  4  1 -1  5  0  .653965306907160
  5  1 -1  6  0  .704547488324550
  6  1 -1  7  0  .680412389273420
  7  1 -1  8  0  .684155347907560
  8  1 -1  9  0  .641448996233370
  0  2 -1  4 20  2.70730671789490
  1  2 -1  4 21  3.46999008715782
  2  2 -1  3  0  .619768890183300
  3  2 -1  4  0  .670722564588670
  4  2 -1  5  0  .683815541121970
  5  2 -1  6  0  .700080959533450
  6  2 -1  7  0  .690475290867920
  7  2 -1  8  0  .713209388359020
  8  2 -1  9  0  .674288366502600
  0  3 -1  3  0  .300008901000620
  1  3 -1  3  0  .533209123366510
  2  3 -1  3  0  .631818303358050
  3  3 -1  4  0  .656850314180330
  4  3 -1  5  0  .678208039578410
  5  3 -1  6  0  .699281814953850
  6  3 -1  7  0  .702512237315980
  7  3 -1  8  0  .692452817479290
  8  3 -1  9  0  .690124184561510
  0  1  1  4 20  2.50198729128413
  1  1  1  4 21  3.30321036753355
  2  1  1  3  0  .618198002950880
  3  1  1  4  0  .582573302139880
  4  1  1  5  0  .596501056832790
  5  1  1  6  0  .627664017589850
  6  1  1  7  0  .611351743487530
  7  1  1  8  0  .612163780886740
  8  1  1  9  0  .593405819805920
  0  2  1  4 20  2.60486355663661
  1  2  1  4 21  3.38295035056681
  2  2  1  3  0  .572715481750770
  3  2  1  4  0  .616510551611800
  4  2  1  5  0  .642665189581360
  5  2  1  6  0  .667195831593760
  6  2  1  7  0  .673783964594330
  7  2  1  8  0  .653792297924130
  8  2  1  9  0  .640787353487410
  0  3  1  3  0  .313283832065580
  1  3  1  3  0  .518003755792250
  2  3  1  3  0  .578261411539550
  3  3  1  4  0  .612217353177900
  4  3  1  5  0  .633094672666080
  5  3  1  6  0  .650798102305490
  6  3  1  7  0  .658313142294620
  7  3  1  8  0  .658196328169880
  8  3  1  9  0  .644946251422140
 eset 1
  L  T  S  n  f                 E
  0  1 -1  3 -1 -6.08075436888467
  1  1 -1  3 -1 -3.41600967472251
  2  1 -1  3  0  .335323506299080
  3  1 -1  4  0  .321143739145900
  4  1 -1  5  0 -.374245600028080
  5  1 -1  6  0 -1.39625681639470
  6  1 -1  7  0 -2.04748631959000
  7  1 -1  8  0 -2.14103737147890
  8  1 -1  9  0 -2.01939221566700
  0  2 -1  3 -1 -5.47349340232285
  1  2 -1  3 -1 -3.01305285344470
  2  2 -1  3  0  .356662968579600
  3  2 -1  4  0  .197685122690950
  4  2 -1  5  0 -1.00447333324430
  5  2 -1  6  0 -1.92982368124230
  6  2 -1  7  0 -2.33094294669460
  7  2 -1  8  0 -2.30679314381580
  8  2 -1  9  0 -1.97286173058810
  0  3 -1  3  0  .282655670193490
  1  3 -1  3  0  .508622851555780
  2  3 -1  3  0  .574258710506490
  3  3 -1  4  0  .430898648246880
  4  3 -1  5  0 -.072474322526285
  5  3 -1  6  0 -1.05537307252540
  6  3 -1  7  0 -1.91791778509300
  7  3 -1  8  0 -2.27305805062260
  8  3 -1  9  0 -2.39612356640210
  0  1  1  3 -1 -6.18285243364195
  1  1  1  3 -1 -3.51469203108507
  2  1  1  3  0  .250170925770030
  3  1  1  4  0  .252974474906850
  4  1  1  5  0 -.397967235664130
  5  1  1  6  0 -1.35474046387790
  6  1  1  7  0 -2.05020572825750
  7  1  1  8  0 -2.05805620996740
  8  1  1  9  0 -1.91164717417430
  0  2  1  3 -1 -5.69876859622091
  1  2  1  3 -1 -3.23127691059182
  2  2  1  3  0  .222400887934770
  3  2  1  4  0  .129592579186200
  4  2  1  5  0 -.871321445756830
  5  2  1  6  0 -1.83412391705440
  6  2  1  7  0 -2.09966392509780
  7  2  1  8  0 -2.36613951522230
  8  2  1  9  0 -1.90340840111280
  0  3  1  3  0  .280331357748090
  1  3  1  3  0  .485891328598270
  2  3  1  3  0  .511163179752580
  3  3  1  4  0  .373060795782210
  4  3  1  5  0 -.111015335702030
  5  3  1  6  0 -1.04335960180810
  6  3  1  7  0 -1.94450160262170
  7  3  1  8  0 -2.27744067251680
  8  3  1  9  0 -2.52549315726030
basisFT:    M0    M1    M2     vectors (column major order)
basisFT:     8     8     8        4913
basisFT: radii           1
basisFT:     1  2.00000000
basisFT: L+N+1           6
basisFT:  maxL
basisFT:     2
initBasisFT: basis Fourier Transform parameters
      radii and powers:
        2.00000000     6
          Lm    M0    M1    M2
           2     8     8     8
 initfft: wisdom written to rspt_fft_wisdom.0
 end rspt
#-------------------------------------------------------------------------------
