"Start runs mpirun -np 8 rspt 1.00e-12 99 on phys-dvarg, Wed Sep 27 16:23:59 2023"
     4, -8589.45262000245
     5, -8589.44121232346
     6, -8589.45498553193
     7, -8589.45593364857
     8, -8589.45629878495
     9, -8589.45647216067
    10, -8589.45663393114
    11, -8589.45663894234
    12, -8589.45666467086
    13, -8589.45669024508
    14, -8589.45680669611
    15, -8589.45681642241
    16, -8589.45683700958
    17, -8589.45683630849
    18, -8589.45683774156
    19, -8589.45684215988
    20, -8589.45684381719
    21, -8589.45684369052
    22, -8589.45684397239
    23, -8589.45684403346
    24, -8589.45684429996
    25, -8589.45684434238
    26, -8589.45684445000
    27, -8589.45684444444
    28, -8589.45684442090
    29, -8589.45684442230
    30, -8589.45684442609
